4.8260589051125e-06
1.1892053816529e-06
7.8744513317323e-06
1.9014788350913e-06
1.2720630021776e-05
3.0088509355343e-06
2.0344994402325e-05
4.7116881397981e-06
3.2215669756363e-05
7.3014769608769e-06
5.0505350896273e-05
1.1196809475638e-05
7.8391371121337e-05
1.6990951741049e-05
1.2046469062601e-04
2.5513542823935e-05
1.8327866854493e-04
3.7909018783148e-05
2.7607349719492e-04
5.5734138968140e-05
4.1171639146434e-04
8.1076391931823e-05
6.0790014269884e-04
1.1669394213853e-04
8.8864229765303e-04
1.6617601232787e-04
1.2861225884244e-03
2.3412006351706e-04
1.8428857052087e-03
3.2631876259861e-04
2.6144183827423e-03
4.4994551959246e-04
3.6720824893371e-03
6.1372244783211e-04
5.1063481630231e-03
8.2804921280614e-04
7.0302225280981e-03
1.1050658270988e-03
9.5827107089705e-03
1.4586176484670e-03
1.2932078740608e-02
1.9040874563825e-03
1.7278616332299e-02
2.4580584729978e-03
2.2856527036111e-02
3.1377745771223e-03
2.9934511972823e-02
3.9603707037572e-03
3.8814570403988e-02
4.9418582938232e-03
4.9828526815898e-02
6.0958680465185e-03
6.3331820744093e-02
7.4321749570371e-03
7.9694172212030e-02
8.9550578017492e-03
9.9286869678116e-02
1.0661575143106e-02
1.2246662179216e-01
1.2539870007747e-02
1.4955616618336e-01
1.4567642343085e-02
1.8082212791887e-01
1.6710948374526e-02
2.1645094936367e-01
1.8923506823481e-02
2.5652404652107e-01
2.1146531398971e-02
3.0099365277691e-01
2.3309907328597e-02
3.4966105357230e-01
2.5333107213690e-02
4.0215905858355e-01
2.7128455127635e-02
4.5794056879864e-01
2.8604302907747e-02
5.1627494989698e-01
2.9669380776842e-02
5.7625360848038e-01
3.0237679076444e-02
6.3680568782440e-01
3.0233644195656e-02
6.9672417673631e-01
2.9597346869390e-02
7.5470199863698e-01
2.8289241948050e-02
8.0937687375844e-01
2.6294130828409e-02
8.5938299235537e-01
2.3623965222744e-02
9.0340687304727e-01
2.0319194495198e-02
9.4024427716769e-01
1.6448455065228e-02
9.6885476593764e-01
1.2106522070146e-02
9.8841046296961e-01
7.4105799282282e-03
9.9833583681878e-01
2.4950066916568e-03
9.9833583681878e-01
-2.4950066916568e-03
9.8841046296961e-01
-7.4105799282282e-03
9.6885476593764e-01
-1.2106522070146e-02
9.4024427716769e-01
-1.6448455065228e-02
9.0340687304727e-01
-2.0319194495198e-02
8.5938299235537e-01
-2.3623965222744e-02
8.0937687375844e-01
-2.6294130828409e-02
7.5470199863698e-01
-2.8289241948050e-02
6.9672417673631e-01
-2.9597346869390e-02
6.3680568782440e-01
-3.0233644195656e-02
5.7625360848038e-01
-3.0237679076444e-02
5.1627494989698e-01
-2.9669380776842e-02
4.5794056879864e-01
-2.8604302907747e-02
4.0215905858355e-01
-2.7128455127635e-02
3.4966105357230e-01
-2.5333107213691e-02
3.0099365277691e-01
-2.3309907328597e-02
2.5652404652107e-01
-2.1146531398971e-02
2.1645094936367e-01
-1.8923506823481e-02
1.8082212791887e-01
-1.6710948374526e-02
1.4955616618336e-01
-1.4567642343085e-02
1.2246662179216e-01
-1.2539870007747e-02
9.9286869678116e-02
-1.0661575143106e-02
7.9694172212030e-02
-8.9550578017492e-03
6.3331820744093e-02
-7.4321749570370e-03
4.9828526815898e-02
-6.0958680465186e-03
3.8814570403988e-02
-4.9418582938232e-03
2.9934511972823e-02
-3.9603707037572e-03
2.2856527036111e-02
-3.1377745771223e-03
1.7278616332299e-02
-2.4580584729978e-03
1.2932078740608e-02
-1.9040874563825e-03
9.5827107089704e-03
-1.4586176484670e-03
7.0302225280980e-03
-1.1050658270988e-03
5.1063481630231e-03
-8.2804921280614e-04
3.6720824893371e-03
-6.1372244783210e-04
2.6144183827423e-03
-4.4994551959246e-04
1.8428857052087e-03
-3.2631876259861e-04
1.2861225884244e-03
-2.3412006351706e-04
8.8864229765303e-04
-1.6617601232787e-04
6.0790014269884e-04
-1.1669394213853e-04
4.1171639146434e-04
-8.1076391931823e-05
2.7607349719492e-04
-5.5734138968140e-05
1.8327866854493e-04
-3.7909018783148e-05
1.2046469062601e-04
-2.5513542823935e-05
7.8391371121337e-05
-1.6990951741049e-05
5.0505350896273e-05
-1.1196809475638e-05
3.2215669756363e-05
-7.3014769608769e-06
2.0344994402325e-05
-4.7116881397981e-06
1.2720630021776e-05
-3.0088509355343e-06
7.8744513317322e-06
-1.9014788350913e-06
4.8260589051125e-06
-1.1892053816528e-06
