3.8213273929975e-06
9.5433583371501e-08
4.0168476627616e-06
1.0011567574237e-07
4.2219496196527e-06
1.0501655272250e-07
4.4370804435100e-06
1.1014587798841e-07
4.6627070387330e-06
1.1551371444548e-07
4.8993168478539e-06
1.2113053941196e-07
5.1474186959942e-06
1.2700726032111e-07
5.4075436672571e-06
1.3315523095627e-07
5.6802460141351e-06
1.3958626823448e-07
5.9661041010487e-06
1.4631266955422e-07
6.2657213831568e-06
1.5334723072344e-07
6.5797274216187e-06
1.6070326448423e-07
6.9087789365162e-06
1.6839461965088e-07
7.2535608986801e-06
1.7643570087835e-07
7.6147876616987e-06
1.8484148907868e-07
7.9932041354228e-06
1.9362756250302e-07
8.3895870023159e-06
2.0281011850729e-07
8.8047459780350e-06
2.1240599602013e-07
9.2395251176662e-06
2.2243269873167e-07
9.6948041690750e-06
2.3290841902247e-07
1.0171499974871e-05
2.4385206265188e-07
1.0670567924528e-05
2.5528327422580e-07
1.1193003458231e-05
2.6722246346379e-07
1.1739843624082e-05
2.7969083228624e-07
1.2312168690313e-05
2.9271040274219e-07
1.2911103814214e-05
3.0630404579913e-07
1.3537820769522e-05
3.2049551101596e-07
1.4193539734059e-05
3.3530945712127e-07
1.4879531139450e-05
3.5077148351883e-07
1.5597117584795e-05
3.6690816274264e-07
1.6347675816231e-05
3.8374707388461e-07
1.7132638774325e-05
4.0131683701736e-07
1.7953497711344e-05
4.1964714863615e-07
1.8811804380442e-05
4.3876881814301e-07
1.9709173298874e-05
4.5871380539714e-07
2.0647284087404e-05
4.7951525935611e-07
2.1627883888107e-05
5.0120755783138e-07
2.2652789862813e-05
5.2382634838440e-07
2.3723891774510e-05
5.4740859038616e-07
2.4843154654047e-05
5.7199259826745e-07
2.6012621554557e-05
5.9761808598374e-07
2.7234416396040e-05
6.2432621272097e-07
2.8510746902623e-05
6.5215962986789e-07
2.9843907635050e-05
6.8116252928079e-07
3.1236283121030e-05
7.1138069286708e-07
3.2690351086072e-05
7.4286154351354e-07
3.4208685787564e-05
7.7565419738645e-07
3.5793961454837e-05
8.0980951762864e-07
3.7448955838043e-05
8.4538016948231e-07
3.9176553868731e-05
8.8242067686172e-07
4.0979751435040e-05
9.2098748040487e-07
4.2861659274496e-05
9.6113899702914e-07
4.4825506987450e-05
1.0029356810188e-06
4.6874647174244e-05
1.0464400866708e-06
4.9012559699250e-05
1.0917169325247e-06
5.1242856084979e-05
1.1388331672053e-06
5.3569284039505e-05
1.1878580369028e-06
5.5995732120518e-05
1.2388631545170e-06
5.8526234539343e-05
1.2919225704935e-06
6.1164976108352e-05
1.3471128453752e-06
6.3916297335216e-05
1.4045131240974e-06
6.6784699667510e-05
1.4642052120518e-06
6.9774850891241e-05
1.5262736529417e-06
7.2891590686895e-05
1.5908058084584e-06
7.6139936346684e-05
1.6578919397991e-06
7.9525088656683e-05
1.7276252910520e-06
8.3052437947637e-05
1.8001021744738e-06
8.6727570318226e-05
1.8754220576795e-06
9.0556274034644e-05
1.9536876527713e-06
9.4544546110395e-05
2.0350050074253e-06
9.8698599070238e-05
2.1194835979587e-06
1.0302486790227e-04
2.2072364244006e-06
1.0753001720216e-04
2.2983801075815e-06
1.1222094851361e-04
2.3930349882670e-06
1.1710480786914e-04
2.4913252283489e-06
1.2218899353532e-04
2.5933789141143e-06
1.2748116396664e-04
2.6993281616111e-06
1.3298924597223e-04
2.8093092241190e-06
1.3872144309962e-04
2.9234626017494e-06
1.4468624423985e-04
3.0419331531818e-06
1.5089243245821e-04
3.1648702095505e-06
1.5734909405491e-04
3.2924276904963e-06
1.6406562785999e-04
3.4247642223864e-06
1.7105175476694e-04
3.5620432587182e-06
1.7831752750917e-04
3.7044332027110e-06
1.8587334068403e-04
3.8521075320885e-06
1.9372994102843e-04
4.0052449260651e-06
2.0189843795076e-04
4.1640293945264e-06
2.1039031432329e-04
4.3286504094168e-06
2.1921743753957e-04
4.4993030383242e-06
2.2839207084125e-04
4.6761880802650e-06
2.3792688491856e-04
4.8595122036627e-06
2.4783496978904e-04
5.0494880865116e-06
2.5812984695868e-04
5.2463345587205e-06
2.6882548187003e-04
5.4502767466247e-06
2.7993629664137e-04
5.6615462196497e-06
2.9147718310147e-04
5.8803811391193e-06
3.0346351612395e-04
6.1070264091799e-06
3.1591116726572e-04
6.3417338298300e-06
3.2883651871353e-04
6.5847622520290e-06
3.4225647754271e-04
6.8363777348562e-06
3.5618849029240e-04
7.0968537046986e-06
3.7065055786102e-04
7.3664711164351e-06
3.8566125072617e-04
7.6455186165761e-06
4.0123972449267e-04
7.9342927083327e-06
4.1740573577272e-04
8.2330979185707e-06
4.3417965840168e-04
8.5422469666020e-06
4.5158249999337e-04
8.8620609347766e-06
4.6963591883822e-04
9.1928694408195e-06
4.8836224114786e-04
9.5350108118600e-06
5.0778447864933e-04
9.8888322601004e-06
5.2792634653228e-04
1.0254690060058e-05
5.4881228175220e-04
1.0632949727327e-05
5.7046746169251e-04
1.1023986198779e-05
5.9291782318858e-04
1.1428184014147e-05
6.1619008191611e-04
1.1845937498898e-05
6.4031175214659e-04
1.2277650948341e-05
6.6531116687202e-04
1.2723738812858e-05
6.9121749830125e-04
1.3184625884192e-05
7.1806077872981e-04
1.3660747482695e-05
7.4587192178508e-04
1.4152549645426e-05
7.7468274404857e-04
1.4660489315027e-05
8.0452598705643e-04
1.5185034529242e-05
8.3543533967972e-04
1.5726664610987e-05
8.6744546088517e-04
1.6285870358846e-05
9.0059200287733e-04
1.6863154237892e-05
9.3491163462247e-04
1.7459030570679e-05
9.7044206575467e-04
1.8074025728311e-05
1.0072220708639e-03
1.8708678321416e-05
1.0452915141659e-03
1.9363539390926e-05
1.0846913745531e-03
2.0039172598488e-05
1.1254637710263e-03
2.0736154416368e-05
1.1676519885052e-03
2.1455074316693e-05
1.2113005040163e-03
2.2196534959876e-05
1.2564550132576e-03
2.2961152382045e-05
1.3031624575361e-03
2.3749556181323e-05
1.3514710510771e-03
2.4562389702776e-05
1.4014303087016e-03
2.5400310221824e-05
1.4530910738690e-03
2.6263989125981e-05
1.5065055470815e-03
2.7154112094676e-05
1.5617273146460e-03
2.8071379276992e-05
1.6188113777889e-03
2.9016505467098e-05
1.6778141821197e-03
2.9990220277192e-05
1.7387936474378e-03
3.0993268307697e-05
1.8018091978764e-03
3.2026409314540e-05
1.8669217923783e-03
3.3090418373242e-05
1.9341939554959e-03
3.4186086039616e-05
2.0036898085098e-03
3.5314218506827e-05
2.0754751008567e-03
3.6475637758562e-05
2.1496172418607e-03
3.7671181718083e-05
2.2261853327571e-03
3.8901704392872e-05
2.3052501990018e-03
4.0168076014655e-05
2.3868844228557e-03
4.1471183174488e-05
2.4711623762336e-03
4.2811928952690e-05
2.5581602538084e-03
4.4191233043281e-05
2.6479561063577e-03
4.5610031872714e-05
2.7406298743422e-03
4.7069278712550e-05
2.8362634217033e-03
4.8569943785823e-05
2.9349405698668e-03
5.0113014366796e-05
3.0367471319387e-03
5.1699494873769e-05
3.1417709470803e-03
5.3330406954686e-05
3.2501019150464e-03
5.5006789565181e-05
3.3618320308721e-03
5.6729699038777e-05
3.4770554196915e-03
5.8500209148889e-05
3.5958683716722e-03
6.0319411162337e-05
3.7183693770483e-03
6.2188413884022e-05
3.8446591612330e-03
6.4108343692401e-05
3.9748407199929e-03
6.6080344565488e-05
4.1090193546652e-03
6.8105578096990e-05
4.2473027073958e-03
7.0185223502224e-05
4.3898007963795e-03
7.2320477613512e-05
4.5366260510804e-03
7.4512554864655e-05
4.6878933474089e-03
7.6762687264167e-05
4.8437200428351e-03
7.9072124356872e-05
5.0042260114122e-03
8.1442133173550e-05
5.1695336786874e-03
8.3873998168193e-05
5.3397680564751e-03
8.6369021142637e-05
5.5150567774654e-03
8.8928521158030e-05
5.6955301296427e-03
9.1553834432920e-05
5.8813210904870e-03
9.4246314227492e-05
6.0725653609289e-03
9.7007330713652e-05
6.2694013990304e-03
9.9838270830534e-05
6.4719704533625e-03
1.0274053812508e-04
6.6804165960477e-03
1.0571555257734e-04
6.8948867554382e-03
1.0876475041007e-04
7.1155307483972e-03
1.1188958388232e-04
7.3425013121504e-03
1.1509152106658e-04
7.5759541356763e-03
1.1837204560916e-04
7.8160478905988e-03
1.2173265647344e-04
8.0629442615498e-03
1.2517486766555e-04
8.3168079759647e-03
1.2870020794228e-04
8.5778068332762e-03
1.3231022050063e-04
8.8461117334679e-03
1.3600646264888e-04
9.1218967049519e-03
1.3979050545863e-04
9.4053389317306e-03
1.4366393339770e-04
9.6966187798050e-03
1.4762834394318e-04
9.9959198227895e-03
1.5168534717474e-04
1.0303428866692e-02
1.5583656534748e-04
1.0619335973822e-02
1.6008363244429e-04
1.0943834485776e-02
1.6442819370711e-04
1.1277121045474e-02
1.6887190514716e-04
1.1619395618186e-02
1.7341643303334e-04
1.1970861511517e-02
1.7806345335907e-04
1.2331725394306e-02
1.8281465128676e-04
1.2702197314387e-02
1.8767172057000e-04
1.3082490715175e-02
1.9263636295307e-04
1.3472822451027e-02
1.9771028754739e-04
1.3873412801332e-02
2.0289521018494e-04
1.4284485483285e-02
2.0819285274818e-04
1.4706267663300e-02
2.1360494247633e-04
1.5138989967007e-02
2.1913321124781e-04
1.5582886487792e-02
2.2477939483868e-04
1.6038194793830e-02
2.3054523215675e-04
1.6505155933563e-02
2.3643246445136e-04
1.6984014439568e-02
2.4244283449863e-04
1.7475018330780e-02
2.4857808576192e-04
1.7978419113001e-02
2.5483996152755e-04
1.8494471777660e-02
2.6123020401560e-04
1.9023434798774e-02
2.6775055346563e-04
1.9565570128047e-02
2.7440274719744e-04
2.0121143188069e-02
2.8118851864650e-04
2.0690422863565e-02
2.8810959637447e-04
2.1273681490632e-02
2.9516770305426e-04
2.1871194843930e-02
3.0236455443013e-04
2.2483242121755e-02
3.0970185825250e-04
2.3110105928972e-02
3.1718131318773e-04
2.3752072257732e-02
3.2480460770283e-04
2.4409430465935e-02
3.3257341892517e-04
2.5082473253393e-02
3.4048941147750e-04
2.5771496635629e-02
3.4855423628810e-04
2.6476799915282e-02
3.5676952937654e-04
2.7198685651051e-02
3.6513691061498e-04
2.7937459624142e-02
3.7365798246537e-04
2.8693430802164e-02
3.8233432869277e-04
2.9466911300428e-02
3.9116751305503e-04
3.0258216340602e-02
4.0015907796901e-04
3.1067664206674e-02
4.0931054315384e-04
3.1895576198185e-02
4.1862340425155e-04
3.2742276580667e-02
4.2809913142518e-04
3.3608092533275e-02
4.3773916793509e-04
3.4493354093530e-02
4.4754492869380e-04
3.5398394099165e-02
4.5751779879945e-04
3.6323548127013e-02
4.6765913204925e-04
3.7269154428896e-02
4.7797024943237e-04
3.8235553864489e-02
4.8845243760345e-04
3.9223089831108e-02
4.9910694733728e-04
4.0232108190385e-02
5.0993499196501e-04
4.1262957191807e-02
5.2093774579271e-04
4.2315987393066e-02
5.3211634250283e-04
4.3391551577202e-02
5.4347187353932e-04
4.4490004666493e-02
5.5500538647714e-04
4.5611703633079e-02
5.6671788337698e-04
4.6757007406270e-02
5.7861031912560e-04
4.7926276776534e-02
5.9068359976336e-04
4.9119874296115e-02
6.0293858079883e-04
5.0338164176276e-02
6.1537606551232e-04
5.1581512181138e-02
6.2799680324844e-04
5.2850285518091e-02
6.4080148769932e-04
5.4144852724766e-02
6.5379075517883e-04
5.5465583552545e-02
6.6696518288922e-04
5.6812848846598e-02
6.8032528718127e-04
5.8187020422437e-02
6.9387152180853e-04
5.9588470938972e-02
7.0760427617746e-04
6.1017573768062e-02
7.2152387359390e-04
6.2474702860559e-02
7.3563056950761e-04
6.3960232608840e-02
7.4992454975560e-04
6.5474537705827e-02
7.6440592880579e-04
6.7017993000486e-02
7.7907474800216e-04
6.8590973349838e-02
7.9393097381268e-04
7.0193853467449e-02
8.0897449608114e-04
7.1827007768440e-02
8.2420512628449e-04
7.3490810211021e-02
8.3962259579706e-04
7.5185634134552e-02
8.5522655416254e-04
7.6911852094163e-02
8.7101656737599e-04
7.8669835691950e-02
8.8699211617638e-04
8.0459955404763e-02
9.0315259435199e-04
8.2282580408625e-02
9.1949730705938e-04
8.4138078399798e-02
9.3602546915820e-04
8.6026815412542e-02
9.5273620356247e-04
8.7949155633587e-02
9.6962853961095e-04
8.9905461213373e-02
9.8670141145718e-04
9.1896092074086e-02
1.0039536564814e-03
9.3921405714547e-02
1.0213840137256e-03
9.5981757011988e-02
1.0389911223538e-03
9.8077498020782e-02
1.0567735201390e-03
1.0020897776817e-01
1.0747296419772e-03
1.0237654204704e-01
1.0928578184330e-03
1.0458053320586e-01
1.1111562743156e-03
1.0682128993576e-01
1.1296231272883e-03
1.0909914705484e-01
1.1482563865137e-03
1.1141443528993e-01
1.1670539513340e-03
1.1376748105558e-01
1.1860136099916e-03
1.1615860623066e-01
1.2051330383882e-03
1.1858812793247e-01
1.2244097988867e-03
1.2105635828849e-01
1.2438413391568e-03
1.2356360420589e-01
1.2634249910647e-03
1.2611016713883e-01
1.2831579696117e-03
1.2869634285375e-01
1.3030373719197e-03
1.3132242119260e-01
1.3230601762686e-03
1.3398868583427e-01
1.3432232411850e-03
1.3669541405420e-01
1.3635233045859e-03
1.3944287648236e-01
1.3839569829768e-03
1.4223133685966e-01
1.4045207707080e-03
1.4506105179298e-01
1.4252110392894e-03
1.4793227050882e-01
1.4460240367669e-03
1.5084523460582e-01
1.4669558871600e-03
1.5380017780621e-01
1.4880025899640e-03
1.5679732570628e-01
1.5091600197181e-03
1.5983689552616e-01
1.5304239256398e-03
1.6291909585880e-01
1.5517899313292e-03
1.6604412641855e-01
1.5732535345427e-03
1.6921217778929e-01
1.5948101070391e-03
1.7242343117234e-01
1.6164548944989e-03
1.7567805813429e-01
1.6381830165182e-03
1.7897622035489e-01
1.6599894666794e-03
1.8231806937519e-01
1.6818691126991e-03
1.8570374634597e-01
1.7038166966546e-03
1.8913338177680e-01
1.7258268352920e-03
1.9260709528572e-01
1.7478940204147e-03
1.9612499534987e-01
1.7700126193552e-03
1.9968717905704e-01
1.7921768755313e-03
2.0329373185849e-01
1.8143809090865e-03
2.0694472732312e-01
1.8366187176179e-03
2.1064022689316e-01
1.8588841769909e-03
2.1438027964164e-01
1.8811710422418e-03
2.1816492203167e-01
1.9034729485707e-03
2.2199417767785e-01
1.9257834124238e-03
2.2586805710994e-01
1.9480958326670e-03
2.2978655753893e-01
1.9704034918513e-03
2.3374966262578e-01
1.9926995575712e-03
2.3775734225289e-01
2.0149770839154e-03
2.4180955229872e-01
2.0372290130115e-03
2.4590623441538e-01
2.0594481766663e-03
2.5004731580980e-01
2.0816272980987e-03
2.5423270902833e-01
2.1037589937695e-03
2.5846231174513e-01
2.1258357753059e-03
2.6273600655453e-01
2.1478500515220e-03
2.6705366076749e-01
2.1697941305351e-03
2.7141512621243e-01
2.1916602219778e-03
2.7582023904051e-01
2.2134404393069e-03
2.8026881953574e-01
2.2351268022068e-03
2.8476067192984e-01
2.2567112390910e-03
2.8929558422237e-01
2.2781855896968e-03
2.9387332800596e-01
2.2995416077773e-03
2.9849365829720e-01
2.3207709638869e-03
3.0315631337306e-01
2.3418652482628e-03
3.0786101461324e-01
2.3628159737993e-03
3.1260746634852e-01
2.3836145791158e-03
3.1739535571537e-01
2.4042524317181e-03
3.2222435251699e-01
2.4247208312506e-03
3.2709410909087e-01
2.4450110128403e-03
3.3200426018319e-01
2.4651141505302e-03
3.3695442283019e-01
2.4850213608027e-03
3.4194419624664e-01
2.5047237061890e-03
3.4697316172157e-01
2.5242121989675e-03
3.5204088252163e-01
2.5434778049458e-03
3.5714690380191e-01
2.5625114473268e-03
3.6229075252474e-01
2.5813040106581e-03
3.6747193738634e-01
2.5998463448611e-03
3.7268994875172e-01
2.6181292693403e-03
3.7794425859779e-01
2.6361435771690e-03
3.8323432046493e-01
2.6538800393518e-03
3.8855956941724e-01
2.6713294091591e-03
3.9391942201141e-01
2.6884824265348e-03
3.9931327627456e-01
2.7053298225727e-03
4.0474051169108e-01
2.7218623240602e-03
4.1020048919861e-01
2.7380706580872e-03
4.1569255119328e-01
2.7539455567180e-03
4.2121602154445e-01
2.7694777617226e-03
4.2677020561884e-01
2.7846580293668e-03
4.3235439031438e-01
2.7994771352565e-03
4.3796784410380e-01
2.8139258792352e-03
4.4360981708800e-01
2.8279950903305e-03
4.4927954105945e-01
2.8416756317481e-03
4.5497622957558e-01
2.8549584059090e-03
4.6069907804224e-01
2.8678343595285e-03
4.6644726380744e-01
2.8802944887325e-03
4.7221994626528e-01
2.8923298442089e-03
4.7801626697031e-01
2.9039315363900e-03
4.8383534976218e-01
2.9150907406645e-03
4.8967630090078e-01
2.9257987026130e-03
4.9553820921193e-01
2.9360467432664e-03
5.0142014624350e-01
2.9458262643815e-03
5.0732116643219e-01
2.9551287537321e-03
5.1324030728083e-01
2.9639457904105e-03
5.1917658954635e-01
2.9722690501377e-03
5.2512901743834e-01
2.9800903105762e-03
5.3109657882828e-01
2.9874014566434e-03
5.3707824546928e-01
2.9941944858223e-03
5.4307297322661e-01
3.0004615134638e-03
5.4907970231867e-01
3.0061947780783e-03
5.5509735756860e-01
3.0113866466127e-03
5.6112484866642e-01
3.0160296197078e-03
5.6716107044166e-01
3.0201163369338e-03
5.7320490314641e-01
3.0236395819978e-03
5.7925521274881e-01
3.0265922879226e-03
5.8531085123680e-01
3.0289675421890e-03
5.9137065693214e-01
3.0307585918403e-03
5.9743345481465e-01
3.0319588485445e-03
6.0349805685643e-01
3.0325618936093e-03
6.0956326236613e-01
3.0325614829466e-03
6.1562785834309e-01
3.0319515519828e-03
6.2169061984120e-01
3.0307262205095e-03
6.2775031034246e-01
3.0288797974730e-03
6.3380568213998e-01
3.0264067856955e-03
6.3985547673045e-01
3.0233018865269e-03
6.4589842521571e-01
3.0195600044219e-03
6.5193324871356e-01
3.0151762514375e-03
6.5795865877728e-01
3.0101459516495e-03
6.6397335782413e-01
3.0044646454820e-03
6.6997603957218e-01
2.9981280939466e-03
6.7596538948575e-01
2.9911322827876e-03
6.8194008522886e-01
2.9834734265305e-03
6.8789879712678e-01
2.9751479724270e-03
6.9384018863536e-01
2.9661526042971e-03
6.9976291681788e-01
2.9564842462606e-03
7.0566563282928e-01
2.9461400663569e-03
7.1154698240756e-01
2.9351174800501e-03
7.1740560637200e-01
2.9234141536117e-03
7.2324014112805e-01
2.9110280073843e-03
7.2904921917866e-01
2.8979572189164e-03
7.3483146964166e-01
2.8842002259695e-03
7.4058551877313e-01
2.8697557293921e-03
7.4630999049631e-01
2.8546226958584e-03
7.5200350693587e-01
2.8388003604680e-03
7.5766468895723e-01
2.8222882292052e-03
7.6329215671068e-01
2.8050860812532e-03
7.6888453017997e-01
2.7871939711609e-03
7.7444042973506e-01
2.7686122308620e-03
7.7995847668877e-01
2.7493414715392e-03
7.8543729385706e-01
2.7293825853366e-03
7.9087550612247e-01
2.7087367469131e-03
7.9627174100058e-01
2.6874054148377e-03
8.0162462920912e-01
2.6653903328238e-03
8.0693280523932e-01
2.6426935307995e-03
8.1219490792927e-01
2.6193173258134e-03
8.1740958103892e-01
2.5952643227740e-03
8.2257547382643e-01
2.5705374150195e-03
8.2769124162540e-01
2.5451397847190e-03
8.3275554642281e-01
2.5190749031016e-03
8.3776705743722e-01
2.4923465305134e-03
8.4272445169693e-01
2.4649587163002e-03
8.4762641461767e-01
2.4369157985167e-03
8.5247164057960e-01
2.4082224034591e-03
8.5725883350317e-01
2.3788834450223e-03
8.6198670742353e-01
2.3489041238803e-03
8.6665398706309e-01
2.3182899264884e-03
8.7125940840197e-01
2.2870466239098e-03
8.7580171924585e-01
2.2551802704625e-03
8.8027967979100e-01
2.2226972021902e-03
8.8469206318604e-01
2.1896040351549e-03
8.8903765609010e-01
2.1559076635525e-03
8.9331525922709e-01
2.1216152576508e-03
8.9752368793558e-01
2.0867342615528e-03
9.0166177271413e-01
2.0512723907832e-03
9.0572835976152e-01
2.0152376297004e-03
9.0972231151172e-01
1.9786382287350e-03
9.1364250716312e-01
1.9414827014558e-03
9.1748784320168e-01
1.9037798214640e-03
9.2125723391780e-01
1.8655386191182e-03
9.2494961191639e-01
1.8267683780904e-03
9.2856392861989e-01
1.7874786317561e-03
9.3209915476395e-01
1.7476791594188e-03
9.3555428088537e-01
1.7073799823728e-03
9.3892831780197e-01
1.6665913598040e-03
9.4222029708421e-01
1.6253237845336e-03
9.4542927151797e-01
1.5835879786054e-03
9.4855431555854e-01
1.5413948887188e-03
9.5159452577519e-01
1.4987556815123e-03
9.5454902128619e-01
1.4556817386984e-03
9.5741694418400e-01
1.4121846520532e-03
9.6019745995026e-01
1.3682762182644e-03
9.6288975786033e-01
1.3239684336401e-03
9.6549305137710e-01
1.2792734886825e-03
9.6800657853389e-01
1.2342037625286e-03
9.7042960230600e-01
1.1887718172635e-03
9.7276141097084e-01
1.1429903921072e-03
9.7500131845628e-01
1.0968723974816e-03
9.7714866467701e-01
1.0504309089594e-03
9.7920281585867e-01
1.0036791610994e-03
9.8116316484962e-01
9.5663054117254e-04
9.8302913141994e-01
9.0929858278332e-04
9.8480016254767e-01
8.6169695938942e-04
9.8647573269195e-01
8.1383947772523e-04
9.8805534405288e-01
7.6574007113270e-04
9.8953852681802e-01
7.1741279280518e-04
9.9092483939528e-01
6.6887180894737e-04
9.9221386863200e-01
6.2013139185743e-04
9.9340523002017e-01
5.7120591293472e-04
9.9449856788759e-01
5.2210983561968e-04
9.9549355557480e-01
4.7285770826805e-04
9.9638989559779e-01
4.2346415696742e-04
9.9718731979619e-01
3.7394387829873e-04
9.9788558946698e-01
3.2431163204866e-04
9.9848449548359e-01
2.7458223387819e-04
9.9898385840028e-01
2.2477054795214e-04
9.9938352854174e-01
1.7489147953431e-04
9.9968338607786e-01
1.2495996755407e-04
9.9988334108361e-01
7.4990977150025e-05
9.9998333358398e-01
2.4999492194533e-05
9.9998333358398e-01
-2.4999492194533e-05
9.9988334108361e-01
-7.4990977150025e-05
9.9968338607786e-01
-1.2495996755407e-04
9.9938352854174e-01
-1.7489147953431e-04
9.9898385840028e-01
-2.2477054795220e-04
9.9848449548359e-01
-2.7458223387825e-04
9.9788558946698e-01
-3.2431163204866e-04
9.9718731979619e-01
-3.7394387829873e-04
9.9638989559779e-01
-4.2346415696748e-04
9.9549355557480e-01
-4.7285770826810e-04
9.9449856788759e-01
-5.2210983561973e-04
9.9340523002017e-01
-5.7120591293477e-04
9.9221386863200e-01
-6.2013139185743e-04
9.9092483939528e-01
-6.6887180894742e-04
9.8953852681802e-01
-7.1741279280524e-04
9.8805534405287e-01
-7.6574007113275e-04
9.8647573269195e-01
-8.1383947772523e-04
9.8480016254767e-01
-8.6169695938948e-04
9.8302913141994e-01
-9.0929858278338e-04
9.8116316484962e-01
-9.5663054117259e-04
9.7920281585867e-01
-1.0036791610995e-03
9.7714866467701e-01
-1.0504309089595e-03
9.7500131845628e-01
-1.0968723974817e-03
9.7276141097084e-01
-1.1429903921072e-03
9.7042960230600e-01
-1.1887718172635e-03
9.6800657853389e-01
-1.2342037625287e-03
9.6549305137710e-01
-1.2792734886826e-03
9.6288975786033e-01
-1.3239684336402e-03
9.6019745995026e-01
-1.3682762182645e-03
9.5741694418400e-01
-1.4121846520532e-03
9.5454902128619e-01
-1.4556817386985e-03
9.5159452577519e-01
-1.4987556815124e-03
9.4855431555854e-01
-1.5413948887189e-03
9.4542927151797e-01
-1.5835879786055e-03
9.4222029708421e-01
-1.6253237845337e-03
9.3892831780197e-01
-1.6665913598040e-03
9.3555428088537e-01
-1.7073799823729e-03
9.3209915476395e-01
-1.7476791594189e-03
9.2856392861989e-01
-1.7874786317562e-03
9.2494961191639e-01
-1.8267683780905e-03
9.2125723391780e-01
-1.8655386191183e-03
9.1748784320168e-01
-1.9037798214641e-03
9.1364250716312e-01
-1.9414827014559e-03
9.0972231151172e-01
-1.9786382287351e-03
9.0572835976152e-01
-2.0152376297003e-03
9.0166177271413e-01
-2.0512723907831e-03
8.9752368793558e-01
-2.0867342615527e-03
8.9331525922709e-01
-2.1216152576507e-03
8.8903765609010e-01
-2.1559076635524e-03
8.8469206318604e-01
-2.1896040351548e-03
8.8027967979100e-01
-2.2226972021901e-03
8.7580171924585e-01
-2.2551802704623e-03
8.7125940840197e-01
-2.2870466239096e-03
8.6665398706309e-01
-2.3182899264883e-03
8.6198670742352e-01
-2.3489041238801e-03
8.5725883350317e-01
-2.3788834450222e-03
8.5247164057960e-01
-2.4082224034589e-03
8.4762641461767e-01
-2.4369157985165e-03
8.4272445169693e-01
-2.4649587163000e-03
8.3776705743722e-01
-2.4923465305133e-03
8.3275554642281e-01
-2.5190749031015e-03
8.2769124162540e-01
-2.5451397847188e-03
8.2257547382643e-01
-2.5705374150193e-03
8.1740958103892e-01
-2.5952643227738e-03
8.1219490792927e-01
-2.6193173258132e-03
8.0693280523932e-01
-2.6426935307993e-03
8.0162462920912e-01
-2.6653903328237e-03
7.9627174100058e-01
-2.6874054148376e-03
7.9087550612247e-01
-2.7087367469129e-03
7.8543729385706e-01
-2.7293825853364e-03
7.7995847668877e-01
-2.7493414715391e-03
7.7444042973506e-01
-2.7686122308618e-03
7.6888453017997e-01
-2.7871939711608e-03
7.6329215671068e-01
-2.8050860812530e-03
7.5766468895723e-01
-2.8222882292051e-03
7.5200350693587e-01
-2.8388003604679e-03
7.4630999049631e-01
-2.8546226958581e-03
7.4058551877313e-01
-2.8697557293919e-03
7.3483146964166e-01
-2.8842002259694e-03
7.2904921917866e-01
-2.8979572189162e-03
7.2324014112805e-01
-2.9110280073840e-03
7.1740560637200e-01
-2.9234141536115e-03
7.1154698240756e-01
-2.9351174800500e-03
7.0566563282928e-01
-2.9461400663569e-03
6.9976291681787e-01
-2.9564842462604e-03
6.9384018863536e-01
-2.9661526042969e-03
6.8789879712678e-01
-2.9751479724269e-03
6.8194008522886e-01
-2.9834734265303e-03
6.7596538948575e-01
-2.9911322827875e-03
6.6997603957218e-01
-2.9981280939463e-03
6.6397335782413e-01
-3.0044646454818e-03
6.5795865877728e-01
-3.0101459516494e-03
6.5193324871356e-01
-3.0151762514373e-03
6.4589842521571e-01
-3.0195600044217e-03
6.3985547673045e-01
-3.0233018865268e-03
6.3380568213998e-01
-3.0264067856953e-03
6.2775031034246e-01
-3.0288797974728e-03
6.2169061984120e-01
-3.0307262205093e-03
6.1562785834309e-01
-3.0319515519826e-03
6.0956326236613e-01
-3.0325614829464e-03
6.0349805685643e-01
-3.0325618936091e-03
5.9743345481465e-01
-3.0319588485443e-03
5.9137065693214e-01
-3.0307585918401e-03
5.8531085123680e-01
-3.0289675421887e-03
5.7925521274881e-01
-3.0265922879224e-03
5.7320490314641e-01
-3.0236395819976e-03
5.6716107044166e-01
-3.0201163369336e-03
5.6112484866642e-01
-3.0160296197076e-03
5.5509735756860e-01
-3.0113866466129e-03
5.4907970231867e-01
-3.0061947780785e-03
5.4307297322661e-01
-3.0004615134639e-03
5.3707824546928e-01
-2.9941944858224e-03
5.3109657882828e-01
-2.9874014566436e-03
5.2512901743834e-01
-2.9800903105764e-03
5.1917658954635e-01
-2.9722690501379e-03
5.1324030728083e-01
-2.9639457904106e-03
5.0732116643219e-01
-2.9551287537322e-03
5.0142014624350e-01
-2.9458262643817e-03
4.9553820921193e-01
-2.9360467432666e-03
4.8967630090078e-01
-2.9257987026132e-03
4.8383534976218e-01
-2.9150907406646e-03
4.7801626697031e-01
-2.9039315363902e-03
4.7221994626528e-01
-2.8923298442090e-03
4.6644726380744e-01
-2.8802944887327e-03
4.6069907804224e-01
-2.8678343595287e-03
4.5497622957558e-01
-2.8549584059092e-03
4.4927954105945e-01
-2.8416756317482e-03
4.4360981708800e-01
-2.8279950903306e-03
4.3796784410380e-01
-2.8139258792354e-03
4.3235439031438e-01
-2.7994771352567e-03
4.2677020561884e-01
-2.7846580293669e-03
4.2121602154445e-01
-2.7694777617227e-03
4.1569255119328e-01
-2.7539455567182e-03
4.1020048919861e-01
-2.7380706580874e-03
4.0474051169108e-01
-2.7218623240603e-03
3.9931327627456e-01
-2.7053298225729e-03
3.9391942201141e-01
-2.6884824265350e-03
3.8855956941724e-01
-2.6713294091592e-03
3.8323432046493e-01
-2.6538800393519e-03
3.7794425859779e-01
-2.6361435771691e-03
3.7268994875172e-01
-2.6181292693404e-03
3.6747193738634e-01
-2.5998463448613e-03
3.6229075252474e-01
-2.5813040106582e-03
3.5714690380191e-01
-2.5625114473270e-03
3.5204088252163e-01
-2.5434778049460e-03
3.4697316172157e-01
-2.5242121989677e-03
3.4194419624664e-01
-2.5047237061891e-03
3.3695442283019e-01
-2.4850213608028e-03
3.3200426018319e-01
-2.4651141505304e-03
3.2709410909087e-01
-2.4450110128405e-03
3.2222435251699e-01
-2.4247208312507e-03
3.1739535571537e-01
-2.4042524317182e-03
3.1260746634852e-01
-2.3836145791160e-03
3.0786101461324e-01
-2.3628159737994e-03
3.0315631337306e-01
-2.3418652482630e-03
2.9849365829720e-01
-2.3207709638870e-03
2.9387332800596e-01
-2.2995416077774e-03
2.8929558422237e-01
-2.2781855896969e-03
2.8476067192984e-01
-2.2567112390911e-03
2.8026881953574e-01
-2.2351268022070e-03
2.7582023904051e-01
-2.2134404393070e-03
2.7141512621243e-01
-2.1916602219779e-03
2.6705366076749e-01
-2.1697941305352e-03
2.6273600655453e-01
-2.1478500515221e-03
2.5846231174513e-01
-2.1258357753060e-03
2.5423270902833e-01
-2.1037589937696e-03
2.5004731580980e-01
-2.0816272980988e-03
2.4590623441538e-01
-2.0594481766664e-03
2.4180955229872e-01
-2.0372290130116e-03
2.3775734225289e-01
-2.0149770839155e-03
2.3374966262578e-01
-1.9926995575714e-03
2.2978655753893e-01
-1.9704034918514e-03
2.2586805710994e-01
-1.9480958326668e-03
2.2199417767785e-01
-1.9257834124237e-03
2.1816492203167e-01
-1.9034729485706e-03
2.1438027964164e-01
-1.8811710422417e-03
2.1064022689316e-01
-1.8588841769907e-03
2.0694472732312e-01
-1.8366187176178e-03
2.0329373185849e-01
-1.8143809090863e-03
1.9968717905704e-01
-1.7921768755312e-03
1.9612499534987e-01
-1.7700126193551e-03
1.9260709528572e-01
-1.7478940204146e-03
1.8913338177680e-01
-1.7258268352919e-03
1.8570374634597e-01
-1.7038166966545e-03
1.8231806937519e-01
-1.6818691126990e-03
1.7897622035489e-01
-1.6599894666793e-03
1.7567805813429e-01
-1.6381830165181e-03
1.7242343117234e-01
-1.6164548944988e-03
1.6921217778929e-01
-1.5948101070390e-03
1.6604412641855e-01
-1.5732535345426e-03
1.6291909585880e-01
-1.5517899313291e-03
1.5983689552616e-01
-1.5304239256397e-03
1.5679732570628e-01
-1.5091600197180e-03
1.5380017780621e-01
-1.4880025899639e-03
1.5084523460582e-01
-1.4669558871599e-03
1.4793227050882e-01
-1.4460240367668e-03
1.4506105179298e-01
-1.4252110392893e-03
1.4223133685966e-01
-1.4045207707079e-03
1.3944287648236e-01
-1.3839569829768e-03
1.3669541405420e-01
-1.3635233045859e-03
1.3398868583427e-01
-1.3432232411850e-03
1.3132242119260e-01
-1.3230601762685e-03
1.2869634285375e-01
-1.3030373719196e-03
1.2611016713883e-01
-1.2831579696116e-03
1.2356360420589e-01
-1.2634249910647e-03
1.2105635828849e-01
-1.2438413391567e-03
1.1858812793247e-01
-1.2244097988866e-03
1.1615860623066e-01
-1.2051330383881e-03
1.1376748105558e-01
-1.1860136099915e-03
1.1141443528993e-01
-1.1670539513340e-03
1.0909914705484e-01
-1.1482563865137e-03
1.0682128993576e-01
-1.1296231272883e-03
1.0458053320586e-01
-1.1111562743155e-03
1.0237654204704e-01
-1.0928578184329e-03
1.0020897776817e-01
-1.0747296419772e-03
9.8077498020781e-02
-1.0567735201390e-03
9.5981757011988e-02
-1.0389911223538e-03
9.3921405714547e-02
-1.0213840137255e-03
9.1896092074086e-02
-1.0039536564813e-03
8.9905461213373e-02
-9.8670141145712e-04
8.7949155633587e-02
-9.6962853961089e-04
8.6026815412542e-02
-9.5273620356243e-04
8.4138078399798e-02
-9.3602546915815e-04
8.2282580408625e-02
-9.1949730705932e-04
8.0459955404763e-02
-9.0315259435192e-04
7.8669835691950e-02
-8.8699211617633e-04
7.6911852094163e-02
-8.7101656737593e-04
7.5185634134552e-02
-8.5522655416249e-04
7.3490810211021e-02
-8.3962259579702e-04
7.1827007768440e-02
-8.2420512628446e-04
7.0193853467448e-02
-8.0897449608109e-04
6.8590973349838e-02
-7.9393097381263e-04
6.7017993000486e-02
-7.7907474800211e-04
6.5474537705826e-02
-7.6440592880575e-04
6.3960232608840e-02
-7.4992454975556e-04
6.2474702860559e-02
-7.3563056950757e-04
6.1017573768062e-02
-7.2152387359393e-04
5.9588470938972e-02
-7.0760427617750e-04
5.8187020422437e-02
-6.9387152180857e-04
5.6812848846598e-02
-6.8032528718130e-04
5.5465583552545e-02
-6.6696518288927e-04
5.4144852724766e-02
-6.5379075517887e-04
5.2850285518091e-02
-6.4080148769936e-04
5.1581512181138e-02
-6.2799680324848e-04
5.0338164176276e-02
-6.1537606551235e-04
4.9119874296115e-02
-6.0293858079886e-04
4.7926276776534e-02
-5.9068359976340e-04
4.6757007406270e-02
-5.7861031912564e-04
4.5611703633079e-02
-5.6671788337701e-04
4.4490004666493e-02
-5.5500538647717e-04
4.3391551577202e-02
-5.4347187353932e-04
4.2315987393066e-02
-5.3211634250283e-04
4.1262957191807e-02
-5.2093774579271e-04
4.0232108190385e-02
-5.0993499196501e-04
3.9223089831108e-02
-4.9910694733728e-04
3.8235553864489e-02
-4.8845243760345e-04
3.7269154428896e-02
-4.7797024943237e-04
3.6323548127013e-02
-4.6765913204925e-04
3.5398394099165e-02
-4.5751779879945e-04
3.4493354093530e-02
-4.4754492869380e-04
3.3608092533275e-02
-4.3773916793511e-04
3.2742276580667e-02
-4.2809913142520e-04
3.1895576198185e-02
-4.1862340425157e-04
3.1067664206674e-02
-4.0931054315386e-04
3.0258216340602e-02
-4.0015907796902e-04
2.9466911300428e-02
-3.9116751305505e-04
2.8693430802164e-02
-3.8233432869279e-04
2.7937459624142e-02
-3.7365798246539e-04
2.7198685651051e-02
-3.6513691061500e-04
2.6476799915282e-02
-3.5676952937656e-04
2.5771496635629e-02
-3.4855423628812e-04
2.5082473253393e-02
-3.4048941147751e-04
2.4409430465935e-02
-3.3257341892519e-04
2.3752072257732e-02
-3.2480460770285e-04
2.3110105928972e-02
-3.1718131318775e-04
2.2483242121755e-02
-3.0970185825252e-04
2.1871194843930e-02
-3.0236455443014e-04
2.1273681490632e-02
-2.9516770305427e-04
2.0690422863565e-02
-2.8810959637448e-04
2.0121143188069e-02
-2.8118851864652e-04
1.9565570128047e-02
-2.7440274719745e-04
1.9023434798774e-02
-2.6775055346565e-04
1.8494471777660e-02
-2.6123020401562e-04
1.7978419113001e-02
-2.5483996152756e-04
1.7475018330780e-02
-2.4857808576194e-04
1.6984014439568e-02
-2.4244283449865e-04
1.6505155933563e-02
-2.3643246445137e-04
1.6038194793830e-02
-2.3054523215676e-04
1.5582886487792e-02
-2.2477939483869e-04
1.5138989967007e-02
-2.1913321124782e-04
1.4706267663300e-02
-2.1360494247634e-04
1.4284485483285e-02
-2.0819285274819e-04
1.3873412801331e-02
-2.0289521018496e-04
1.3472822451027e-02
-1.9771028754741e-04
1.3082490715175e-02
-1.9263636295309e-04
1.2702197314387e-02
-1.8767172057003e-04
1.2331725394306e-02
-1.8281465128677e-04
1.1970861511517e-02
-1.7806345335909e-04
1.1619395618186e-02
-1.7341643303336e-04
1.1277121045474e-02
-1.6887190514718e-04
1.0943834485776e-02
-1.6442819370711e-04
1.0619335973822e-02
-1.6008363244429e-04
1.0303428866692e-02
-1.5583656534749e-04
9.9959198227895e-03
-1.5168534717473e-04
9.6966187798050e-03
-1.4762834394318e-04
9.4053389317306e-03
-1.4366393339770e-04
9.1218967049519e-03
-1.3979050545863e-04
8.8461117334679e-03
-1.3600646264888e-04
8.5778068332762e-03
-1.3231022050063e-04
8.3168079759647e-03
-1.2870020794228e-04
8.0629442615498e-03
-1.2517486766555e-04
7.8160478905988e-03
-1.2173265647344e-04
7.5759541356763e-03
-1.1837204560916e-04
7.3425013121504e-03
-1.1509152106658e-04
7.1155307483972e-03
-1.1188958388232e-04
6.8948867554382e-03
-1.0876475041007e-04
6.6804165960477e-03
-1.0571555257734e-04
6.4719704533625e-03
-1.0274053812508e-04
6.2694013990304e-03
-9.9838270830536e-05
6.0725653609289e-03
-9.7007330713652e-05
5.8813210904870e-03
-9.4246314227491e-05
5.6955301296427e-03
-9.1553834432920e-05
5.5150567774654e-03
-8.8928521158031e-05
5.3397680564751e-03
-8.6369021142636e-05
5.1695336786874e-03
-8.3873998168191e-05
5.0042260114121e-03
-8.1442133173544e-05
4.8437200428351e-03
-7.9072124356868e-05
4.6878933474089e-03
-7.6762687264162e-05
4.5366260510804e-03
-7.4512554864651e-05
4.3898007963795e-03
-7.2320477613509e-05
4.2473027073958e-03
-7.0185223502220e-05
4.1090193546652e-03
-6.8105578096986e-05
3.9748407199929e-03
-6.6080344565483e-05
3.8446591612330e-03
-6.4108343692397e-05
3.7183693770483e-03
-6.2188413884021e-05
3.5958683716722e-03
-6.0319411162335e-05
3.4770554196915e-03
-5.8500209148885e-05
3.3618320308721e-03
-5.6729699038774e-05
3.2501019150464e-03
-5.5006789565178e-05
3.1417709470803e-03
-5.3330406954682e-05
3.0367471319387e-03
-5.1699494873766e-05
2.9349405698668e-03
-5.0113014366793e-05
2.8362634217033e-03
-4.8569943785820e-05
2.7406298743422e-03
-4.7069278712547e-05
2.6479561063577e-03
-4.5610031872711e-05
2.5581602538084e-03
-4.4191233043279e-05
2.4711623762336e-03
-4.2811928952687e-05
2.3868844228557e-03
-4.1471183174486e-05
2.3052501990018e-03
-4.0168076014653e-05
2.2261853327571e-03
-3.8901704392872e-05
2.1496172418607e-03
-3.7671181718081e-05
2.0754751008567e-03
-3.6475637758560e-05
2.0036898085098e-03
-3.5314218506824e-05
1.9341939554959e-03
-3.4186086039614e-05
1.8669217923783e-03
-3.3090418373239e-05
1.8018091978764e-03
-3.2026409314537e-05
1.7387936474378e-03
-3.0993268307695e-05
1.6778141821197e-03
-2.9990220277188e-05
1.6188113777889e-03
-2.9016505467095e-05
1.5617273146460e-03
-2.8071379276988e-05
1.5065055470815e-03
-2.7154112094673e-05
1.4530910738690e-03
-2.6263989125978e-05
1.4014303087016e-03
-2.5400310221821e-05
1.3514710510771e-03
-2.4562389702773e-05
1.3031624575361e-03
-2.3749556181323e-05
1.2564550132576e-03
-2.2961152382045e-05
1.2113005040163e-03
-2.2196534959876e-05
1.1676519885052e-03
-2.1455074316693e-05
1.1254637710263e-03
-2.0736154416368e-05
1.0846913745531e-03
-2.0039172598488e-05
1.0452915141659e-03
-1.9363539390926e-05
1.0072220708639e-03
-1.8708678321416e-05
9.7044206575467e-04
-1.8074025728311e-05
9.3491163462246e-04
-1.7459030570679e-05
9.0059200287732e-04
-1.6863154237892e-05
8.6744546088517e-04
-1.6285870358846e-05
8.3543533967972e-04
-1.5726664610987e-05
8.0452598705643e-04
-1.5185034529242e-05
7.7468274404857e-04
-1.4660489315027e-05
7.4587192178508e-04
-1.4152549645426e-05
7.1806077872980e-04
-1.3660747482695e-05
6.9121749830125e-04
-1.3184625884193e-05
6.6531116687202e-04
-1.2723738812859e-05
6.4031175214659e-04
-1.2277650948342e-05
6.1619008191611e-04
-1.1845937498899e-05
5.9291782318858e-04
-1.1428184014147e-05
5.7046746169251e-04
-1.1023986198780e-05
5.4881228175220e-04
-1.0632949727328e-05
5.2792634653228e-04
-1.0254690060059e-05
5.0778447864933e-04
-9.8888322601008e-06
4.8836224114786e-04
-9.5350108118606e-06
4.6963591883822e-04
-9.1928694408200e-06
4.5158249999337e-04
-8.8620609347768e-06
4.3417965840168e-04
-8.5422469666026e-06
4.1740573577272e-04
-8.2330979185712e-06
4.0123972449267e-04
-7.9342927083335e-06
3.8566125072617e-04
-7.6455186165766e-06
3.7065055786102e-04
-7.3664711164356e-06
3.5618849029240e-04
-7.0968537046988e-06
3.4225647754271e-04
-6.8363777348565e-06
3.2883651871353e-04
-6.5847622520296e-06
3.1591116726572e-04
-6.3417338298306e-06
3.0346351612394e-04
-6.1070264091804e-06
2.9147718310147e-04
-5.8803811391198e-06
2.7993629664137e-04
-5.6615462196502e-06
2.6882548187003e-04
-5.4502767466247e-06
2.5812984695868e-04
-5.2463345587207e-06
2.4783496978903e-04
-5.0494880865121e-06
2.3792688491856e-04
-4.8595122036631e-06
2.2839207084125e-04
-4.6761880802655e-06
2.1921743753957e-04
-4.4993030383244e-06
2.1039031432329e-04
-4.3286504094172e-06
2.0189843795076e-04
-4.1640293945268e-06
1.9372994102843e-04
-4.0052449260653e-06
1.8587334068403e-04
-3.8521075320888e-06
1.7831752750917e-04
-3.7044332027113e-06
1.7105175476694e-04
-3.5620432587184e-06
1.6406562785999e-04
-3.4247642223866e-06
1.5734909405491e-04
-3.2924276904966e-06
1.5089243245821e-04
-3.1648702095507e-06
1.4468624423985e-04
-3.0419331531817e-06
1.3872144309962e-04
-2.9234626017497e-06
1.3298924597223e-04
-2.8093092241192e-06
1.2748116396664e-04
-2.6993281616114e-06
1.2218899353532e-04
-2.5933789141145e-06
1.1710480786914e-04
-2.4913252283489e-06
1.1222094851361e-04
-2.3930349882671e-06
1.0753001720216e-04
-2.2983801075818e-06
1.0302486790227e-04
-2.2072364244006e-06
9.8698599070238e-05
-2.1194835979587e-06
9.4544546110395e-05
-2.0350050074253e-06
9.0556274034644e-05
-1.9536876527713e-06
8.6727570318226e-05
-1.8754220576794e-06
8.3052437947637e-05
-1.8001021744738e-06
7.9525088656683e-05
-1.7276252910520e-06
7.6139936346684e-05
-1.6578919397991e-06
7.2891590686895e-05
-1.5908058084584e-06
6.9774850891241e-05
-1.5262736529417e-06
6.6784699667510e-05
-1.4642052120518e-06
6.3916297335216e-05
-1.4045131240974e-06
6.1164976108352e-05
-1.3471128453750e-06
5.8526234539343e-05
-1.2919225704935e-06
5.5995732120518e-05
-1.2388631545170e-06
5.3569284039505e-05
-1.1878580369027e-06
5.1242856084979e-05
-1.1388331672052e-06
4.9012559699250e-05
-1.0917169325246e-06
4.6874647174244e-05
-1.0464400866707e-06
4.4825506987450e-05
-1.0029356810188e-06
4.2861659274496e-05
-9.6113899702912e-07
4.0979751435040e-05
-9.2098748040483e-07
3.9176553868731e-05
-8.8242067686168e-07
3.7448955838043e-05
-8.4538016948226e-07
3.5793961454837e-05
-8.0980951762864e-07
3.4208685787564e-05
-7.7565419738642e-07
3.2690351086072e-05
-7.4286154351349e-07
3.1236283121030e-05
-7.1138069286701e-07
2.9843907635050e-05
-6.8116252928076e-07
2.8510746902622e-05
-6.5215962986787e-07
2.7234416396040e-05
-6.2432621272095e-07
2.6012621554557e-05
-5.9761808598367e-07
2.4843154654047e-05
-5.7199259826740e-07
2.3723891774510e-05
-5.4740859038612e-07
2.2652789862813e-05
-5.2382634838437e-07
2.1627883888107e-05
-5.0120755783137e-07
2.0647284087404e-05
-4.7951525935607e-07
1.9709173298874e-05
-4.5871380539712e-07
1.8811804380442e-05
-4.3876881814298e-07
1.7953497711344e-05
-4.1964714863613e-07
1.7132638774324e-05
-4.0131683701733e-07
1.6347675816231e-05
-3.8374707388459e-07
1.5597117584795e-05
-3.6690816274261e-07
1.4879531139450e-05
-3.5077148351882e-07
1.4193539734059e-05
-3.3530945712125e-07
1.3537820769522e-05
-3.2049551101595e-07
1.2911103814214e-05
-3.0630404579911e-07
1.2312168690313e-05
-2.9271040274218e-07
1.1739843624082e-05
-2.7969083228622e-07
1.1193003458231e-05
-2.6722246346378e-07
1.0670567924528e-05
-2.5528327422578e-07
1.0171499974871e-05
-2.4385206265187e-07
9.6948041690750e-06
-2.3290841902245e-07
9.2395251176662e-06
-2.2243269873167e-07
8.8047459780350e-06
-2.1240599602012e-07
8.3895870023159e-06
-2.0281011850728e-07
7.9932041354228e-06
-1.9362756250301e-07
7.6147876616987e-06
-1.8484148907868e-07
7.2535608986801e-06
-1.7643570087834e-07
6.9087789365162e-06
-1.6839461965087e-07
6.5797274216187e-06
-1.6070326448422e-07
6.2657213831568e-06
-1.5334723072343e-07
5.9661041010487e-06
-1.4631266955421e-07
5.6802460141351e-06
-1.3958626823447e-07
5.4075436672571e-06
-1.3315523095628e-07
5.1474186959942e-06
-1.2700726032111e-07
4.8993168478539e-06
-1.2113053941196e-07
4.6627070387330e-06
-1.1551371444548e-07
4.4370804435100e-06
-1.1014587798842e-07
4.2219496196527e-06
-1.0501655272251e-07
4.0168476627616e-06
-1.0011567574238e-07
3.8213273929975e-06
-9.5433583371505e-08
