8.3333424718559e-01
1.3707783890760e-06
8.3333973029915e-01
4.1123351665617e-06
8.3335069652626e-01
6.8538919395511e-06
8.3336714586689e-01
9.5954486940830e-06
8.3338907832100e-01
1.2337005400209e-05
8.3341649388842e-01
1.5078562005971e-05
8.3344939256889e-01
1.7820118430101e-05
8.3348777436193e-01
2.0561674556191e-05
8.3353163926678e-01
2.3303230226340e-05
8.3358098728235e-01
2.6044785234269e-05
8.3363581840705e-01
2.8786339319298e-05
8.3369613263872e-01
3.1527892159794e-05
8.3376192997450e-01
3.4269443366736e-05
8.3383321041066e-01
3.7010992476882e-05
8.3390997394248e-01
3.9752538947530e-05
8.3399222056407e-01
4.2494082148292e-05
8.3407995026817e-01
4.5235621356027e-05
8.3417316304598e-01
4.7977155747919e-05
8.3427185888697e-01
5.0718684394907e-05
8.3437603777861e-01
5.3460206255129e-05
8.3448569970620e-01
5.6201720167959e-05
8.3460084465256e-01
5.8943224846564e-05
8.3472147259782e-01
6.1684718872190e-05
8.3484758351914e-01
6.4426200687390e-05
8.3497917739043e-01
6.7167668589441e-05
8.3511625418201e-01
6.9909120723743e-05
8.3525881386036e-01
7.2650555077353e-05
8.3540685638777e-01
7.5391969472177e-05
8.3556038172198e-01
7.8133361558652e-05
8.3571938981589e-01
8.0874728809160e-05
8.3588388061714e-01
8.3616068511039e-05
8.3605385406774e-01
8.6357377760388e-05
8.3622931010372e-01
8.9098653454966e-05
8.3641024865468e-01
9.1839892288087e-05
8.3659666964343e-01
9.4581090741092e-05
8.3678857298548e-01
9.7322245077525e-05
8.3698595858868e-01
1.0006335133597e-04
8.3718882635272e-01
1.0280440532309e-04
8.3739717616864e-01
1.0554540260749e-04
8.3761100791839e-01
1.0828633851234e-04
8.3783032147434e-01
1.1102720810893e-04
8.3805511669870e-01
1.1376800620955e-04
8.3828539344307e-01
1.1650872736085e-04
8.3852115154787e-01
1.1924936583721e-04
8.3876239084176e-01
1.2198991563320e-04
8.3900911114115e-01
1.2473037045729e-04
8.3926131224955e-01
1.2747072372468e-04
8.3951899395699e-01
1.3021096855018e-04
8.3978215603944e-01
1.3295109774161e-04
8.4005079825817e-01
1.3569110379258e-04
8.4032492035912e-01
1.3843097887523e-04
8.4060452207223e-01
1.4117071483360e-04
8.4088960311082e-01
1.4391030317643e-04
8.4118016317087e-01
1.4664973507006e-04
8.4147620193033e-01
1.4938900133091e-04
8.4177771904847e-01
1.5212809241916e-04
8.4208471416506e-01
1.5486699843095e-04
8.4239718689975e-01
1.5760570909085e-04
8.4271513685122e-01
1.6034421374586e-04
8.4303856359648e-01
1.6308250135652e-04
8.4336746669006e-01
1.6582056049166e-04
8.4370184566323e-01
1.6855837931870e-04
8.4404170002319e-01
1.7129594559834e-04
8.4438702925225e-01
1.7403324667600e-04
8.4473783280699e-01
1.7677026947494e-04
8.4509411011740e-01
1.7950700048860e-04
8.4545586058603e-01
1.8224342577350e-04
8.4582308358708e-01
1.8497953094102e-04
8.4619577846556e-01
1.8771530115100e-04
8.4657394453630e-01
1.9045072110299e-04
8.4695758108309e-01
1.9318577502939e-04
8.4734668735769e-01
1.9592044668792e-04
8.4774126257891e-01
1.9865471935357e-04
8.4814130593163e-01
2.0138857581112e-04
8.4854681656577e-01
2.0412199834752e-04
8.4895779359534e-01
2.0685496874395e-04
8.4937423609741e-01
2.0958746826849e-04
8.4979614311104e-01
2.1231947766773e-04
8.5022351363628e-01
2.1505097715960e-04
8.5065634663307e-01
2.1778194642486e-04
8.5109464102015e-01
2.2051236459966e-04
8.5153839567402e-01
2.2324221026773e-04
8.5198760942776e-01
2.2597146145203e-04
8.5244228106992e-01
2.2870009560688e-04
8.5290240934342e-01
2.3142808961024e-04
8.5336799294431e-01
2.3415541975544e-04
8.5383903052067e-01
2.3688206174313e-04
8.5431552067135e-01
2.3960799067299e-04
8.5479746194483e-01
2.4233318103634e-04
8.5528485283792e-01
2.4505760670698e-04
8.5577769179458e-01
2.4778124093380e-04
8.5627597720461e-01
2.5050405633198e-04
8.5677970740242e-01
2.5322602487499e-04
8.5728888066571e-01
2.5594711788685e-04
8.5780349521418e-01
2.5866730603261e-04
8.5832354920818e-01
2.6138655931096e-04
8.5884904074739e-01
2.6410484704578e-04
8.5937996786947e-01
2.6682213787743e-04
8.5991632854863e-01
2.6953839975444e-04
8.6045812069433e-01
2.7225359992508e-04
8.6100534214979e-01
2.7496770492880e-04
8.6155799069058e-01
2.7768068058809e-04
8.6211606402322e-01
2.8039249199924e-04
8.6267955978368e-01
2.8310310352447e-04
8.6324847553589e-01
2.8581247878323e-04
8.6382280877030e-01
2.8852058064288e-04
8.6440255690232e-01
2.9122737121118e-04
8.6498771727082e-01
2.9393281182646e-04
8.6557828713655e-01
2.9663686305034e-04
8.6617426368060e-01
2.9933948465721e-04
8.6677564400285e-01
3.0204063562728e-04
8.6738242512029e-01
3.0474027413652e-04
8.6799460396549e-01
3.0743835754884e-04
8.6861217738489e-01
3.1013484240636e-04
8.6923514213722e-01
3.1282968442148e-04
8.6986349489178e-01
3.1552283846736e-04
8.7049723222677e-01
3.1821425856982e-04
8.7113635062759e-01
3.2090389789718e-04
8.7178084648511e-01
3.2359170875315e-04
8.7243071609394e-01
3.2627764256618e-04
8.7308595565066e-01
3.2896164988186e-04
8.7374656125204e-01
3.3164368035321e-04
8.7441252889327e-01
3.3432368273212e-04
8.7508385446613e-01
3.3700160486014e-04
8.7576053375717e-01
3.3967739365970e-04
8.7644256244586e-01
3.4235099512495e-04
8.7712993610270e-01
3.4502235431336e-04
8.7782265018738e-01
3.4769141533567e-04
8.7852070004686e-01
3.5035812134762e-04
8.7922408091344e-01
3.5302241454144e-04
8.7993278790284e-01
3.5568423613533e-04
8.8064681601221e-01
3.5834352636588e-04
8.8136616011823e-01
3.6100022447855e-04
8.8209081497503e-01
3.6365426871868e-04
8.8282077521224e-01
3.6630559632203e-04
8.8355603533295e-01
3.6895414350671e-04
8.8429658971164e-01
3.7159984546342e-04
8.8504243259216e-01
3.7424263634697e-04
8.8579355808562e-01
3.7688244926706e-04
8.8654996016827e-01
3.7951921627888e-04
8.8731163267946e-01
3.8215286837531e-04
8.8807856931940e-01
3.8478333547673e-04
8.8885076364710e-01
3.8741054642299e-04
8.8962820907815e-01
3.9003442896401e-04
8.9041089888253e-01
3.9265490975116e-04
8.9119882618244e-01
3.9527191432834e-04
8.9199198395003e-01
3.9788536712271e-04
8.9279036500518e-01
4.0049519143678e-04
8.9359396201327e-01
4.0310130943913e-04
8.9440276748286e-01
4.0570364215523e-04
8.9521677376339e-01
4.0830210945941e-04
8.9603597304291e-01
4.1089663006588e-04
8.9686035734575e-01
4.1348712152015e-04
8.9768991853011e-01
4.1607350019041e-04
8.9852464828578e-01
4.1865568125882e-04
8.9936453813170e-01
4.2123357871315e-04
9.0020957941359e-01
4.2380710533857e-04
9.0105976330153e-01
4.2637617270858e-04
9.0191508078754e-01
4.2894069117713e-04
9.0277552268309e-01
4.3150056987021e-04
9.0364107961671e-01
4.3405571667751e-04
9.0451174203142e-01
4.3660603824466e-04
9.0538750018232e-01
4.3915143996395e-04
9.0626834413401e-01
4.4169182596790e-04
9.0715426375809e-01
4.4422709911982e-04
9.0804524873063e-01
4.4675716100670e-04
9.0894128852957e-01
4.4928191193139e-04
9.0984237243216e-01
4.5180125090422e-04
9.1074848951240e-01
4.5431507563598e-04
9.1165962863839e-01
4.5682328253008e-04
9.1257577846971e-01
4.5932576667476e-04
9.1349692745481e-01
4.6182242183637e-04
9.1442306382835e-01
4.6431314045126e-04
9.1535417560850e-01
4.6679781361919e-04
9.1629025059432e-01
4.6927633109584e-04
9.1723127636301e-01
4.7174858128610e-04
9.1817724026723e-01
4.7421445123713e-04
9.1912812943237e-01
4.7667382663097e-04
9.2008393075381e-01
4.7912659177926e-04
9.2104463089418e-01
4.8157262961485e-04
9.2201021628059e-01
4.8401182168750e-04
9.2298067310187e-01
4.8644404815570e-04
9.2395598730575e-01
4.8886918778149e-04
9.2493614459610e-01
4.9128711792484e-04
9.2592113043011e-01
4.9369771453664e-04
9.2691093001543e-01
4.9610085215390e-04
9.2790552830738e-01
4.9849640389438e-04
9.2890491000610e-01
5.0088424144967e-04
9.2990905955368e-01
5.0326423508248e-04
9.3091796113128e-01
5.0563625361882e-04
9.3193159865631e-01
5.0800016444522e-04
9.3294995577947e-01
5.1035583350301e-04
9.3397301588191e-01
5.1270312528393e-04
9.3500076207233e-01
5.1504190282611e-04
9.3603317718401e-01
5.1737202770921e-04
9.3707024377196e-01
5.1969336005137e-04
9.3811194410995e-01
5.2200575850442e-04
9.3915826018757e-01
5.2430908025139e-04
9.4020917370734e-01
5.2660318100267e-04
9.4126466608168e-01
5.2888791499220e-04
9.4232471843004e-01
5.3116313497603e-04
9.4338931157587e-01
5.3342869222819e-04
9.4445842604371e-01
5.3568443653929e-04
9.4553204205617e-01
5.3793021621371e-04
9.4661013953101e-01
5.4016587806804e-04
9.4769269807811e-01
5.4239126742864e-04
9.4877969699652e-01
5.4460622813154e-04
9.4987111527147e-01
5.4681060251924e-04
9.5096693157139e-01
5.4900423144222e-04
9.5206712424490e-01
5.5118695425577e-04
9.5317167131784e-01
5.5335860882175e-04
9.5428055049030e-01
5.5551903150713e-04
9.5539373913358e-01
5.5766805718452e-04
9.5651121428725e-01
5.5980551923304e-04
9.5763295265614e-01
5.6193124953854e-04
9.5875893060736e-01
5.6404507849533e-04
9.5988912416732e-01
5.6614683500694e-04
9.6102350901875e-01
5.6823634648837e-04
9.6216206049771e-01
5.7031343886760e-04
9.6330475359064e-01
5.7237793658879e-04
9.6445156293140e-01
5.7442966261434e-04
9.6560246279826e-01
5.7646843842818e-04
9.6675742711103e-01
5.7849408403954e-04
9.6791642942802e-01
5.8050641798577e-04
9.6907944294319e-01
5.8250525733797e-04
9.7024644048314e-01
5.8449041770414e-04
9.7141739450426e-01
5.8646171323501e-04
9.7259227708976e-01
5.8841895662914e-04
9.7377105994682e-01
5.9036195913809e-04
9.7495371440368e-01
5.9229053057341e-04
9.7614021140675e-01
5.9420447931216e-04
9.7733052151780e-01
5.9610361230494e-04
9.7852461491105e-01
5.9798773508235e-04
9.7972246137038e-01
5.9985665176276e-04
9.8092403028649e-01
6.0171016506141e-04
9.8212929065414e-01
6.0354807629812e-04
9.8333821106932e-01
6.0537018540646e-04
9.8455075972652e-01
6.0717629094395e-04
9.8576690441597e-01
6.0896619010145e-04
9.8698661252093e-01
6.1073967871378e-04
9.8820985101498e-01
6.1249655127085e-04
9.8943658645934e-01
6.1423660092874e-04
9.9066678500023e-01
6.1595961952213e-04
9.9190041236622e-01
6.1766539757621e-04
9.9313743386564e-01
6.1935372431973e-04
9.9437781438399e-01
6.2102438769859e-04
9.9562151838138e-01
6.2267717438982e-04
9.9686850989002e-01
6.2431186981551e-04
9.9811875251175e-01
6.2592825815874e-04
9.9937220941550e-01
6.2752612237793e-04
1.0006288433350e+00
6.2910524422410e-04
1.0018886165661e+00
6.3066540425627e-04
1.0031514909648e+00
6.3220638186007e-04
1.0044174279447e+00
6.3372795526401e-04
1.0056863884745e+00
6.3522990155862e-04
1.0069583330761e+00
6.3671199671556e-04
1.0082332218224e+00
6.3817401560601e-04
1.0095110143347e+00
6.3961573202165e-04
1.0107916697809e+00
6.4103691869527e-04
1.0120751468734e+00
6.4243734732122e-04
1.0133614038669e+00
6.4381678857828e-04
1.0146503985565e+00
6.4517501215144e-04
1.0159420882757e+00
6.4651178675490e-04
1.0172364298943e+00
6.4782688015602e-04
1.0185333798171e+00
6.4912005919993e-04
1.0198328939813e+00
6.5039108983406e-04
1.0211349278553e+00
6.5163973713334e-04
1.0224394364367e+00
6.5286576532736e-04
1.0237463742510e+00
6.5406893782677e-04
1.0250556953493e+00
6.5524901725050e-04
1.0263673533076e+00
6.5640576545467e-04
1.0276813012246e+00
6.5753894356074e-04
1.0289974917207e+00
6.5864831198564e-04
1.0303158769362e+00
6.5973363047128e-04
1.0316364085305e+00
6.6079465811625e-04
1.0329590376805e+00
6.6183115340634e-04
1.0342837150794e+00
6.6284287424784e-04
1.0356103909359e+00
6.6382957799976e-04
1.0369390149725e+00
6.6479102150763e-04
1.0382695364253e+00
6.6572696113781e-04
1.0396019040425e+00
6.6663715281251e-04
1.0409360660837e+00
6.6752135204556e-04
1.0422719703193e+00
6.6837931397845e-04
1.0436095640295e+00
6.6921079341808e-04
1.0449487940039e+00
6.7001554487411e-04
1.0462896065407e+00
6.7079332259717e-04
1.0476319474465e+00
6.7154388061896e-04
1.0489757620360e+00
6.7226697279160e-04
1.0503209951309e+00
6.7296235282827e-04
1.0516675910609e+00
6.7362977434499e-04
1.0530154936622e+00
6.7426899090239e-04
1.0543646462786e+00
6.7487975604807e-04
1.0557149917609e+00
6.7546182336153e-04
1.0570664724670e+00
6.7601494649683e-04
1.0584190302622e+00
6.7653887922825e-04
1.0597726065198e+00
6.7703337549602e-04
1.0611271421208e+00
6.7749818945273e-04
1.0624825774552e+00
6.7793307550995e-04
1.0638388524216e+00
6.7833778838661e-04
1.0651959064288e+00
6.7871208315695e-04
1.0665536783961e+00
6.7905571530008e-04
1.0679121067539e+00
6.7936844075023e-04
1.0692711294453e+00
6.7965001594600e-04
1.0706306839267e+00
6.7990019788355e-04
1.0719907071692e+00
6.8011874416718e-04
1.0733511356595e+00
6.8030541306230e-04
1.0747119054017e+00
6.8045996354948e-04
1.0760729519188e+00
6.8058215537747e-04
1.0774342102538e+00
6.8067174911901e-04
1.0787956149719e+00
6.8072850622469e-04
1.0801571001620e+00
6.8075218908081e-04
1.0815185994390e+00
6.8074256106493e-04
1.0828800459453e+00
6.8069938660309e-04
1.0842413723535e+00
6.8062243122874e-04
1.0856025108682e+00
6.8051146164039e-04
1.0869633932288e+00
6.8036624576151e-04
1.0883239507117e+00
6.8018655279989e-04
1.0896841141331e+00
6.7997215330828e-04
1.0910438138518e+00
6.7972281924589e-04
1.0924029797717e+00
6.7943832403911e-04
1.0937615413455e+00
6.7911844264457e-04
1.0951194275769e+00
6.7876295161134e-04
1.0964765670248e+00
6.7837162914486e-04
1.0978328878059e+00
6.7794425517004e-04
1.0991883175987e+00
6.7748061139639e-04
1.1005427836469e+00
6.7698048138248e-04
1.1018962127632e+00
6.7644365060160e-04
1.1032485313333e+00
6.7586990650731e-04
1.1045996653198e+00
6.7525903860038e-04
1.1059495402663e+00
6.7461083849502e-04
1.1072980813020e+00
6.7392509998709e-04
1.1086452131457e+00
6.7320161912043e-04
1.1099908601109e+00
6.7244019425644e-04
1.1113349461099e+00
6.7164062614122e-04
1.1126773946591e+00
6.7080271797587e-04
1.1140181288838e+00
6.6992627548446e-04
1.1153570715233e+00
6.6901110698486e-04
1.1166941449362e+00
6.6805702345718e-04
1.1180292711057e+00
6.6706383861570e-04
1.1193623716454e+00
6.6603136897808e-04
1.1206933678047e+00
6.6495943393680e-04
1.1220221804747e+00
6.6384785582996e-04
1.1233487301942e+00
6.6269646001216e-04
1.1246729371559e+00
6.6150507492690e-04
1.1259947212123e+00
6.6027353217729e-04
1.1273140018825e+00
6.5900166659838e-04
1.1286306983585e+00
6.5768931632854e-04
1.1299447295121e+00
6.5633632288242e-04
1.1312560139013e+00
6.5494253122195e-04
1.1325644697777e+00
6.5350778982909e-04
1.1338700150935e+00
6.5203195077818e-04
1.1351725675085e+00
6.5051486980755e-04
1.1364720443979e+00
6.4895640639240e-04
1.1377683628596e+00
6.4735642381702e-04
1.1390614397219e+00
6.4571478924552e-04
1.1403511915513e+00
6.4403137379565e-04
1.1416375346607e+00
6.4230605260940e-04
1.1429203851174e+00
6.4053870492548e-04
1.1441996587510e+00
6.3872921415015e-04
1.1454752711626e+00
6.3687746792895e-04
1.1467471377326e+00
6.3498335821804e-04
1.1480151736298e+00
6.3304678135423e-04
1.1492792938200e+00
6.3106763812659e-04
1.1505394130752e+00
6.2904583384499e-04
1.1517954459826e+00
6.2698127841221e-04
1.1530473069537e+00
6.2487388639099e-04
1.1542949102342e+00
6.2272357707477e-04
1.1555381699128e+00
6.2053027455550e-04
1.1567769999313e+00
6.1829390779161e-04
1.1580113140946e+00
6.1601441067605e-04
1.1592410260802e+00
6.1369172210285e-04
1.1604660494483e+00
6.1132578603373e-04
1.1616862976525e+00
6.0891655156392e-04
1.1629016840494e+00
6.0646397298714e-04
1.1641121219097e+00
6.0396800986023e-04
1.1653175244286e+00
6.0142862706675e-04
1.1665178047361e+00
5.9884579488023e-04
1.1677128759084e+00
5.9621948902544e-04
1.1689026509788e+00
5.9354969074193e-04
1.1700870429485e+00
5.9083638684154e-04
1.1712659647977e+00
5.8807956977092e-04
1.1724393294977e+00
5.8527923766788e-04
1.1736070500214e+00
5.8243539442127e-04
1.1747690393555e+00
5.7954804972582e-04
1.1759252105118e+00
5.7661721913943e-04
1.1770754765392e+00
5.7364292413642e-04
1.1782197505354e+00
5.7062519216283e-04
1.1793579456593e+00
5.6756405668679e-04
1.1804899751425e+00
5.6445955725160e-04
1.1816157523020e+00
5.6131173952539e-04
1.1827351905521e+00
5.5812065534877e-04
1.1838482034171e+00
5.5488636278406e-04
1.1849547045439e+00
5.5160892616057e-04
1.1860546077140e+00
5.4828841611998e-04
1.1871478268567e+00
5.4492490965929e-04
1.1882342760617e+00
5.4151849017392e-04
1.1893138695920e+00
5.3806924749777e-04
1.1903865218966e+00
5.3457727794270e-04
1.1914521476236e+00
5.3104268433624e-04
1.1925106616335e+00
5.2746557605793e-04
1.1935619790120e+00
5.2384606907352e-04
1.1946060150834e+00
5.2018428596906e-04
1.1956426854237e+00
5.1648035598112e-04
1.1966719058742e+00
5.1273441502725e-04
1.1976935925547e+00
5.0894660573408e-04
1.1987076618769e+00
5.0511707746381e-04
1.1997140305582e+00
5.0124598633788e-04
1.2007126156347e+00
4.9733349526104e-04
1.2017033344754e+00
4.9337977394182e-04
1.2026861047953e+00
4.8938499891188e-04
1.2036608446696e+00
4.8534935354294e-04
1.2046274725468e+00
4.8127302806295e-04
1.2055859072629e+00
4.7715621956890e-04
1.2065360680548e+00
4.7299913203891e-04
1.2074778745745e+00
4.6880197634253e-04
1.2084112469025e+00
4.6456497024633e-04
1.2093361055616e+00
4.6028833842204e-04
1.2102523715312e+00
4.5597231244870e-04
1.2111599662603e+00
4.5161713081437e-04
1.2120588116822e+00
4.4722303891637e-04
1.2129488302278e+00
4.4279028905780e-04
1.2138299448392e+00
4.3831914044373e-04
1.2147020789844e+00
4.3380985917363e-04
1.2155651566698e+00
4.2926271823290e-04
1.2164191024552e+00
4.2467799748180e-04
1.2172638414667e+00
4.2005598364159e-04
1.2180992994108e+00
4.1539697027998e-04
1.2189254025880e+00
4.1070125779258e-04
1.2197420779061e+00
4.0596915338376e-04
1.2205492528946e+00
4.0120097104390e-04
1.2213468557172e+00
3.9639703152577e-04
1.2221348151864e+00
3.9155766231713e-04
1.2229130607759e+00
3.8668319761248e-04
1.2236815226348e+00
3.8177397828199e-04
1.2244401316004e+00
3.7683035183772e-04
1.2251888192117e+00
3.7185267239864e-04
1.2259275177226e+00
3.6684130065229e-04
1.2266561601147e+00
3.6179660381475e-04
1.2273746801107e+00
3.5671895558809e-04
1.2280830121871e+00
3.5160873611606e-04
1.2287810915870e+00
3.4646633193697e-04
1.2294688543332e+00
3.4129213593420e-04
1.2301462372402e+00
3.3608654728506e-04
1.2308131779273e+00
3.3084997140681e-04
1.2314696148310e+00
3.2558281990097e-04
1.2321154872167e+00
3.2028551049473e-04
1.2327507351917e+00
3.1495846698076e-04
1.2333752997168e+00
3.0960211915404e-04
1.2339891226182e+00
3.0421690274790e-04
1.2345921465997e+00
2.9880325936621e-04
1.2351843152538e+00
2.9336163641375e-04
1.2357655730739e+00
2.8789248702538e-04
1.2363358654650e+00
2.8239626999282e-04
1.2368951387555e+00
2.7687344968735e-04
1.2374433402080e+00
2.7132449598427e-04
1.2379804180303e+00
2.6574988418021e-04
1.2385063213861e+00
2.6015009491320e-04
1.2390210004056e+00
2.5452561407791e-04
1.2395244061961e+00
2.4887693273939e-04
1.2400164908521e+00
2.4320454704485e-04
1.2404972074652e+00
2.3750895813379e-04
1.2409665101345e+00
2.3179067204632e-04
1.2414243539758e+00
2.2605019962818e-04
1.2418706951313e+00
2.2028805643598e-04
1.2423054907791e+00
2.1450476263879e-04
1.2427286991421e+00
2.0870084291857e-04
1.2431402794968e+00
2.0287682636955e-04
1.2435401921825e+00
1.9703324639447e-04
1.2439283986093e+00
1.9117064059987e-04
1.2443048612668e+00
1.8528955068953e-04
1.2446695437319e+00
1.7939052235666e-04
1.2450224106768e+00
1.7347410517382e-04
1.2453634278766e+00
1.6754085248177e-04
1.2456925622169e+00
1.6159132127674e-04
1.2460097817007e+00
1.5562607209552e-04
1.2463150554554e+00
1.4964566890036e-04
1.2466083537400e+00
1.4365067896122e-04
1.2468896479510e+00
1.3764167273783e-04
1.2471589106289e+00
1.3161922375909e-04
1.2474161154643e+00
1.2558390850281e-04
1.2476612373036e+00
1.1953630627254e-04
1.2478942521545e+00
1.1347699907510e-04
1.2481151371913e+00
1.0740657149477e-04
1.2483238707599e+00
1.0132561056875e-04
1.2485204323827e+00
9.5234705659308e-05
1.2487048027630e+00
8.9134448327366e-05
1.2488769637894e+00
8.3025432203121e-05
1.2490368985394e+00
7.6908252856611e-05
1.2491845912840e+00
7.0783507667926e-05
1.2493200274901e+00
6.4651795696091e-05
1.2494431938247e+00
5.8513717546838e-05
1.2495540781573e+00
5.2369875240932e-05
1.2496526695626e+00
4.6220872080782e-05
1.2497389583232e+00
4.0067312517378e-05
1.2498129359317e+00
3.3909802015952e-05
1.2498745950925e+00
2.7748946921591e-05
1.2499239297233e+00
2.1585354324782e-05
1.2499609349568e+00
1.5419631926195e-05
1.2499856071415e+00
9.2523879013373e-06
1.2499979438426e+00
3.0842307647827e-06
1.2499979438426e+00
-3.0842307647827e-06
1.2499856071415e+00
-9.2523879013373e-06
1.2499609349568e+00
-1.5419631926195e-05
1.2499239297233e+00
-2.1585354324782e-05
1.2498745950925e+00
-2.7748946921591e-05
1.2498129359317e+00
-3.3909802015952e-05
1.2497389583232e+00
-4.0067312517378e-05
1.2496526695626e+00
-4.6220872080782e-05
1.2495540781573e+00
-5.2369875240932e-05
1.2494431938247e+00
-5.8513717546838e-05
1.2493200274901e+00
-6.4651795696091e-05
1.2491845912840e+00
-7.0783507667926e-05
1.2490368985394e+00
-7.6908252856611e-05
1.2488769637894e+00
-8.3025432203010e-05
1.2487048027630e+00
-8.9134448327366e-05
1.2485204323827e+00
-9.5234705659308e-05
1.2483238707599e+00
-1.0132561056875e-04
1.2481151371913e+00
-1.0740657149477e-04
1.2478942521545e+00
-1.1347699907510e-04
1.2476612373036e+00
-1.1953630627254e-04
1.2474161154643e+00
-1.2558390850281e-04
1.2471589106289e+00
-1.3161922375909e-04
1.2468896479510e+00
-1.3764167273783e-04
1.2466083537400e+00
-1.4365067896122e-04
1.2463150554554e+00
-1.4964566890036e-04
1.2460097817007e+00
-1.5562607209563e-04
1.2456925622169e+00
-1.6159132127674e-04
1.2453634278766e+00
-1.6754085248177e-04
1.2450224106768e+00
-1.7347410517382e-04
1.2446695437319e+00
-1.7939052235671e-04
1.2443048612668e+00
-1.8528955068947e-04
1.2439283986093e+00
-1.9117064059987e-04
1.2435401921825e+00
-1.9703324639447e-04
1.2431402794968e+00
-2.0287682636955e-04
1.2427286991421e+00
-2.0870084291857e-04
1.2423054907791e+00
-2.1450476263879e-04
1.2418706951313e+00
-2.2028805643598e-04
1.2414243539758e+00
-2.2605019962818e-04
1.2409665101345e+00
-2.3179067204632e-04
1.2404972074652e+00
-2.3750895813379e-04
1.2400164908521e+00
-2.4320454704474e-04
1.2395244061961e+00
-2.4887693273939e-04
1.2390210004056e+00
-2.5452561407791e-04
1.2385063213861e+00
-2.6015009491320e-04
1.2379804180303e+00
-2.6574988418021e-04
1.2374433402080e+00
-2.7132449598427e-04
1.2368951387555e+00
-2.7687344968735e-04
1.2363358654650e+00
-2.8239626999271e-04
1.2357655730739e+00
-2.8789248702538e-04
1.2351843152538e+00
-2.9336163641375e-04
1.2345921465997e+00
-2.9880325936621e-04
1.2339891226182e+00
-3.0421690274801e-04
1.2333752997168e+00
-3.0960211915415e-04
1.2327507351917e+00
-3.1495846698076e-04
1.2321154872167e+00
-3.2028551049473e-04
1.2314696148310e+00
-3.2558281990097e-04
1.2308131779273e+00
-3.3084997140681e-04
1.2301462372402e+00
-3.3608654728506e-04
1.2294688543332e+00
-3.4129213593420e-04
1.2287810915870e+00
-3.4646633193697e-04
1.2280830121871e+00
-3.5160873611612e-04
1.2273746801107e+00
-3.5671895558803e-04
1.2266561601147e+00
-3.6179660381475e-04
1.2259275177226e+00
-3.6684130065229e-04
1.2251888192117e+00
-3.7185267239870e-04
1.2244401316004e+00
-3.7683035183766e-04
1.2236815226348e+00
-3.8177397828199e-04
1.2229130607759e+00
-3.8668319761237e-04
1.2221348151864e+00
-3.9155766231713e-04
1.2213468557172e+00
-3.9639703152589e-04
1.2205492528946e+00
-4.0120097104390e-04
1.2197420779061e+00
-4.0596915338376e-04
1.2189254025880e+00
-4.1070125779263e-04
1.2180992994108e+00
-4.1539697027981e-04
1.2172638414667e+00
-4.2005598364159e-04
1.2164191024552e+00
-4.2467799748180e-04
1.2155651566698e+00
-4.2926271823296e-04
1.2147020789844e+00
-4.3380985917357e-04
1.2138299448392e+00
-4.3831914044384e-04
1.2129488302278e+00
-4.4279028905791e-04
1.2120588116822e+00
-4.4722303891626e-04
1.2111599662603e+00
-4.5161713081437e-04
1.2102523715312e+00
-4.5597231244870e-04
1.2093361055616e+00
-4.6028833842204e-04
1.2084112469025e+00
-4.6456497024638e-04
1.2074778745745e+00
-4.6880197634247e-04
1.2065360680548e+00
-4.7299913203902e-04
1.2055859072629e+00
-4.7715621956879e-04
1.2046274725468e+00
-4.8127302806283e-04
1.2036608446696e+00
-4.8534935354294e-04
1.2026861047953e+00
-4.8938499891193e-04
1.2017033344754e+00
-4.9337977394176e-04
1.2007126156347e+00
-4.9733349526104e-04
1.1997140305582e+00
-5.0124598633788e-04
1.1987076618769e+00
-5.0511707746392e-04
1.1976935925547e+00
-5.0894660573408e-04
1.1966719058742e+00
-5.1273441502725e-04
1.1956426854237e+00
-5.1648035598112e-04
1.1946060150834e+00
-5.2018428596912e-04
1.1935619790120e+00
-5.2384606907346e-04
1.1925106616335e+00
-5.2746557605782e-04
1.1914521476236e+00
-5.3104268433624e-04
1.1903865218966e+00
-5.3457727794270e-04
1.1893138695920e+00
-5.3806924749777e-04
1.1882342760617e+00
-5.4151849017381e-04
1.1871478268567e+00
-5.4492490965935e-04
1.1860546077140e+00
-5.4828841611992e-04
1.1849547045439e+00
-5.5160892616057e-04
1.1838482034171e+00
-5.5488636278417e-04
1.1827351905521e+00
-5.5812065534877e-04
1.1816157523020e+00
-5.6131173952539e-04
1.1804899751425e+00
-5.6445955725171e-04
1.1793579456593e+00
-5.6756405668684e-04
1.1782197505354e+00
-5.7062519216278e-04
1.1770754765392e+00
-5.7364292413642e-04
1.1759252105118e+00
-5.7661721913932e-04
1.1747690393555e+00
-5.7954804972593e-04
1.1736070500214e+00
-5.8243539442127e-04
1.1724393294977e+00
-5.8527923766799e-04
1.1712659647977e+00
-5.8807956977092e-04
1.1700870429485e+00
-5.9083638684154e-04
1.1689026509788e+00
-5.9354969074193e-04
1.1677128759084e+00
-5.9621948902555e-04
1.1665178047361e+00
-5.9884579488023e-04
1.1653175244286e+00
-6.0142862706675e-04
1.1641121219097e+00
-6.0396800986023e-04
1.1629016840494e+00
-6.0646397298714e-04
1.1616862976525e+00
-6.0891655156398e-04
1.1604660494483e+00
-6.1132578603373e-04
1.1592410260802e+00
-6.1369172210279e-04
1.1580113140946e+00
-6.1601441067594e-04
1.1567769999313e+00
-6.1829390779156e-04
1.1555381699128e+00
-6.2053027455522e-04
1.1542949102342e+00
-6.2272357707477e-04
1.1530473069537e+00
-6.2487388639099e-04
1.1517954459826e+00
-6.2698127841210e-04
1.1505394130752e+00
-6.2904583384504e-04
1.1492792938200e+00
-6.3106763812643e-04
1.1480151736298e+00
-6.3304678135417e-04
1.1467471377326e+00
-6.3498335821799e-04
1.1454752711626e+00
-6.3687746792895e-04
1.1441996587510e+00
-6.3872921415026e-04
1.1429203851174e+00
-6.4053870492542e-04
1.1416375346607e+00
-6.4230605260962e-04
1.1403511915513e+00
-6.4403137379548e-04
1.1390614397219e+00
-6.4571478924558e-04
1.1377683628596e+00
-6.4735642381686e-04
1.1364720443979e+00
-6.4895640639240e-04
1.1351725675085e+00
-6.5051486980761e-04
1.1338700150935e+00
-6.5203195077812e-04
1.1325644697777e+00
-6.5350778982920e-04
1.1312560139013e+00
-6.5494253122195e-04
1.1299447295121e+00
-6.5633632288242e-04
1.1286306983585e+00
-6.5768931632859e-04
1.1273140018825e+00
-6.5900166659827e-04
1.1259947212123e+00
-6.6027353217751e-04
1.1246729371559e+00
-6.6150507492674e-04
1.1233487301942e+00
-6.6269646001227e-04
1.1220221804747e+00
-6.6384785582996e-04
1.1206933678047e+00
-6.6495943393713e-04
1.1193623716454e+00
-6.6603136897825e-04
1.1180292711057e+00
-6.6706383861576e-04
1.1166941449362e+00
-6.6805702345718e-04
1.1153570715233e+00
-6.6901110698475e-04
1.1140181288838e+00
-6.6992627548457e-04
1.1126773946591e+00
-6.7080271797576e-04
1.1113349461099e+00
-6.7164062614150e-04
1.1099908601109e+00
-6.7244019425633e-04
1.1086452131457e+00
-6.7320161912066e-04
1.1072980813020e+00
-6.7392509998704e-04
1.1059495402663e+00
-6.7461083849518e-04
1.1045996653198e+00
-6.7525903860022e-04
1.1032485313333e+00
-6.7586990650725e-04
1.1018962127632e+00
-6.7644365060154e-04
1.1005427836469e+00
-6.7698048138243e-04
1.0991883175987e+00
-6.7748061139644e-04
1.0978328878059e+00
-6.7794425516993e-04
1.0964765670248e+00
-6.7837162914491e-04
1.0951194275769e+00
-6.7876295161129e-04
1.0937615413455e+00
-6.7911844264457e-04
1.0924029797717e+00
-6.7943832403899e-04
1.0910438138518e+00
-6.7972281924578e-04
1.0896841141331e+00
-6.7997215330839e-04
1.0883239507117e+00
-6.8018655279983e-04
1.0869633932288e+00
-6.8036624576157e-04
1.0856025108682e+00
-6.8051146164039e-04
1.0842413723535e+00
-6.8062243122874e-04
1.0828800459453e+00
-6.8069938660309e-04
1.0815185994390e+00
-6.8074256106493e-04
1.0801571001620e+00
-6.8075218908081e-04
1.0787956149719e+00
-6.8072850622469e-04
1.0774342102538e+00
-6.8067174911901e-04
1.0760729519188e+00
-6.8058215537747e-04
1.0747119054017e+00
-6.8045996354971e-04
1.0733511356595e+00
-6.8030541306241e-04
1.0719907071692e+00
-6.8011874416718e-04
1.0706306839267e+00
-6.7990019788355e-04
1.0692711294453e+00
-6.7965001594600e-04
1.0679121067539e+00
-6.7936844075012e-04
1.0665536783961e+00
-6.7905571530008e-04
1.0651959064288e+00
-6.7871208315712e-04
1.0638388524216e+00
-6.7833778838655e-04
1.0624825774552e+00
-6.7793307551001e-04
1.0611271421208e+00
-6.7749818945267e-04
1.0597726065198e+00
-6.7703337549591e-04
1.0584190302622e+00
-6.7653887922819e-04
1.0570664724670e+00
-6.7601494649666e-04
1.0557149917609e+00
-6.7546182336153e-04
1.0543646462786e+00
-6.7487975604807e-04
1.0530154936622e+00
-6.7426899090250e-04
1.0516675910609e+00
-6.7362977434499e-04
1.0503209951309e+00
-6.7296235282832e-04
1.0489757620360e+00
-6.7226697279155e-04
1.0476319474465e+00
-6.7154388061896e-04
1.0462896065407e+00
-6.7079332259729e-04
1.0449487940039e+00
-6.7001554487406e-04
1.0436095640295e+00
-6.6921079341831e-04
1.0422719703193e+00
-6.6837931397840e-04
1.0409360660837e+00
-6.6752135204567e-04
1.0396019040425e+00
-6.6663715281251e-04
1.0382695364253e+00
-6.6572696113787e-04
1.0369390149725e+00
-6.6479102150757e-04
1.0356103909359e+00
-6.6382957799960e-04
1.0342837150794e+00
-6.6284287424784e-04
1.0329590376805e+00
-6.6183115340618e-04
1.0316364085305e+00
-6.6079465811625e-04
1.0303158769362e+00
-6.5973363047128e-04
1.0289974917207e+00
-6.5864831198575e-04
1.0276813012246e+00
-6.5753894356074e-04
1.0263673533076e+00
-6.5640576545473e-04
1.0250556953493e+00
-6.5524901725034e-04
1.0237463742510e+00
-6.5406893782671e-04
1.0224394364367e+00
-6.5286576532736e-04
1.0211349278553e+00
-6.5163973713328e-04
1.0198328939813e+00
-6.5039108983411e-04
1.0185333798171e+00
-6.4912005919998e-04
1.0172364298943e+00
-6.4782688015608e-04
1.0159420882757e+00
-6.4651178675473e-04
1.0146503985565e+00
-6.4517501215133e-04
1.0133614038669e+00
-6.4381678857828e-04
1.0120751468734e+00
-6.4243734732122e-04
1.0107916697809e+00
-6.4103691869533e-04
1.0095110143347e+00
-6.3961573202154e-04
1.0082332218224e+00
-6.3817401560606e-04
1.0069583330761e+00
-6.3671199671556e-04
1.0056863884745e+00
-6.3522990155862e-04
1.0044174279447e+00
-6.3372795526401e-04
1.0031514909648e+00
-6.3220638186007e-04
1.0018886165661e+00
-6.3066540425633e-04
1.0006288433350e+00
-6.2910524422394e-04
9.9937220941550e-01
-6.2752612237799e-04
9.9811875251175e-01
-6.2592825815869e-04
9.9686850989002e-01
-6.2431186981562e-04
9.9562151838138e-01
-6.2267717438971e-04
9.9437781438399e-01
-6.2102438769854e-04
9.9313743386564e-01
-6.1935372431957e-04
9.9190041236622e-01
-6.1766539757616e-04
9.9066678500023e-01
-6.1595961952229e-04
9.8943658645934e-01
-6.1423660092874e-04
9.8820985101498e-01
-6.1249655127096e-04
9.8698661252093e-01
-6.1073967871378e-04
9.8576690441597e-01
-6.0896619010145e-04
9.8455075972652e-01
-6.0717629094395e-04
9.8333821106932e-01
-6.0537018540646e-04
9.8212929065414e-01
-6.0354807629806e-04
9.8092403028649e-01
-6.0171016506136e-04
9.7972246137038e-01
-5.9985665176299e-04
9.7852461491105e-01
-5.9798773508235e-04
9.7733052151780e-01
-5.9610361230505e-04
9.7614021140675e-01
-5.9420447931216e-04
9.7495371440368e-01
-5.9229053057336e-04
9.7377105994682e-01
-5.9036195913809e-04
9.7259227708976e-01
-5.8841895662914e-04
9.7141739450426e-01
-5.8646171323512e-04
9.7024644048314e-01
-5.8449041770414e-04
9.6907944294319e-01
-5.8250525733813e-04
9.6791642942802e-01
-5.8050641798571e-04
9.6675742711103e-01
-5.7849408403959e-04
9.6560246279826e-01
-5.7646843842818e-04
9.6445156293140e-01
-5.7442966261434e-04
9.6330475359064e-01
-5.7237793658885e-04
9.6216206049771e-01
-5.7031343886754e-04
9.6102350901875e-01
-5.6823634648825e-04
9.5988912416732e-01
-5.6614683500694e-04
9.5875893060736e-01
-5.6404507849547e-04
9.5763295265614e-01
-5.6193124953852e-04
9.5651121428725e-01
-5.5980551923310e-04
9.5539373913358e-01
-5.5766805718457e-04
9.5428055049030e-01
-5.5551903150702e-04
9.5317167131784e-01
-5.5335860882175e-04
9.5206712424490e-01
-5.5118695425577e-04
9.5096693157139e-01
-5.4900423144222e-04
9.4987111527147e-01
-5.4681060251924e-04
9.4877969699652e-01
-5.4460622813160e-04
9.4769269807811e-01
-5.4239126742858e-04
9.4661013953101e-01
-5.4016587806804e-04
9.4553204205617e-01
-5.3793021621376e-04
9.4445842604371e-01
-5.3568443653923e-04
9.4338931157587e-01
-5.3342869222819e-04
9.4232471843004e-01
-5.3116313497603e-04
9.4126466608168e-01
-5.2888791499231e-04
9.4020917370734e-01
-5.2660318100256e-04
9.3915826018757e-01
-5.2430908025161e-04
9.3811194410995e-01
-5.2200575850431e-04
9.3707024377196e-01
-5.1969336005128e-04
9.3603317718401e-01
-5.1737202770918e-04
9.3500076207233e-01
-5.1504190282611e-04
9.3397301588191e-01
-5.1270312528398e-04
9.3294995577947e-01
-5.1035583350301e-04
9.3193159865631e-01
-5.0800016444527e-04
9.3091796113128e-01
-5.0563625361877e-04
9.2990905955368e-01
-5.0326423508248e-04
9.2890491000610e-01
-5.0088424144967e-04
9.2790552830738e-01
-4.9849640389438e-04
9.2691093001543e-01
-4.9610085215401e-04
9.2592113043011e-01
-4.9369771453664e-04
9.2493614459610e-01
-4.9128711792473e-04
9.2395598730575e-01
-4.8886918778149e-04
9.2298067310187e-01
-4.8644404815576e-04
9.2201021628059e-01
-4.8401182168750e-04
9.2104463089418e-01
-4.8157262961485e-04
9.2008393075381e-01
-4.7912659177926e-04
9.1912812943237e-01
-4.7667382663097e-04
9.1817724026723e-01
-4.7421445123713e-04
9.1723127636301e-01
-4.7174858128610e-04
9.1629025059432e-01
-4.6927633109589e-04
9.1535417560850e-01
-4.6679781361914e-04
9.1442306382835e-01
-4.6431314045126e-04
9.1349692745481e-01
-4.6182242183637e-04
9.1257577846971e-01
-4.5932576667482e-04
9.1165962863839e-01
-4.5682328253002e-04
9.1074848951240e-01
-4.5431507563598e-04
9.0984237243216e-01
-4.5180125090416e-04
9.0894128852957e-01
-4.4928191193133e-04
9.0804524873063e-01
-4.4675716100676e-04
9.0715426375809e-01
-4.4422709911976e-04
9.0626834413401e-01
-4.4169182596790e-04
9.0538750018232e-01
-4.3915143996395e-04
9.0451174203142e-01
-4.3660603824466e-04
9.0364107961671e-01
-4.3405571667757e-04
9.0277552268309e-01
-4.3150056987021e-04
9.0191508078754e-01
-4.2894069117708e-04
9.0105976330153e-01
-4.2637617270852e-04
9.0020957941359e-01
-4.2380710533868e-04
8.9936453813170e-01
-4.2123357871315e-04
8.9852464828578e-01
-4.1865568125882e-04
8.9768991853011e-01
-4.1607350019041e-04
8.9686035734575e-01
-4.1348712152015e-04
8.9603597304291e-01
-4.1089663006588e-04
8.9521677376339e-01
-4.0830210945941e-04
8.9440276748286e-01
-4.0570364215523e-04
8.9359396201327e-01
-4.0310130943913e-04
8.9279036500518e-01
-4.0049519143689e-04
8.9199198395003e-01
-3.9788536712265e-04
8.9119882618244e-01
-3.9527191432823e-04
8.9041089888253e-01
-3.9265490975116e-04
8.8962820907815e-01
-3.9003442896401e-04
8.8885076364710e-01
-3.8741054642305e-04
8.8807856931940e-01
-3.8478333547667e-04
8.8731163267946e-01
-3.8215286837531e-04
8.8654996016827e-01
-3.7951921627888e-04
8.8579355808562e-01
-3.7688244926706e-04
8.8504243259216e-01
-3.7424263634697e-04
8.8429658971164e-01
-3.7159984546342e-04
8.8355603533295e-01
-3.6895414350671e-04
8.8282077521224e-01
-3.6630559632203e-04
8.8209081497503e-01
-3.6365426871862e-04
8.8136616011823e-01
-3.6100022447855e-04
8.8064681601221e-01
-3.5834352636604e-04
8.7993278790284e-01
-3.5568423613527e-04
8.7922408091344e-01
-3.5302241454147e-04
8.7852070004686e-01
-3.5035812134759e-04
8.7782265018738e-01
-3.4769141533555e-04
8.7712993610270e-01
-3.4502235431336e-04
8.7644256244586e-01
-3.4235099512495e-04
8.7576053375717e-01
-3.3967739365970e-04
8.7508385446613e-01
-3.3700160486008e-04
8.7441252889327e-01
-3.3432368273220e-04
8.7374656125204e-01
-3.3164368035329e-04
8.7308595565066e-01
-3.2896164988186e-04
8.7243071609394e-01
-3.2627764256624e-04
8.7178084648511e-01
-3.2359170875315e-04
8.7113635062759e-01
-3.2090389789724e-04
8.7049723222677e-01
-3.1821425856970e-04
8.6986349489178e-01
-3.1552283846742e-04
8.6923514213722e-01
-3.1282968442153e-04
8.6861217738489e-01
-3.1013484240647e-04
8.6799460396549e-01
-3.0743835754879e-04
8.6738242512029e-01
-3.0474027413652e-04
8.6677564400285e-01
-3.0204063562730e-04
8.6617426368060e-01
-2.9933948465719e-04
8.6557828713655e-01
-2.9663686305034e-04
8.6498771727082e-01
-2.9393281182646e-04
8.6440255690232e-01
-2.9122737121118e-04
8.6382280877030e-01
-2.8852058064288e-04
8.6324847553589e-01
-2.8581247878323e-04
8.6267955978368e-01
-2.8310310352447e-04
8.6211606402322e-01
-2.8039249199929e-04
8.6155799069058e-01
-2.7768068058803e-04
8.6100534214979e-01
-2.7496770492880e-04
8.6045812069433e-01
-2.7225359992519e-04
8.5991632854863e-01
-2.6953839975444e-04
8.5937996786947e-01
-2.6682213787743e-04
8.5884904074739e-01
-2.6410484704578e-04
8.5832354920818e-01
-2.6138655931099e-04
8.5780349521418e-01
-2.5866730603258e-04
8.5728888066571e-01
-2.5594711788673e-04
8.5677970740242e-01
-2.5322602487504e-04
8.5627597720461e-01
-2.5050405633187e-04
8.5577769179458e-01
-2.4778124093380e-04
8.5528485283792e-01
-2.4505760670698e-04
8.5479746194483e-01
-2.4233318103636e-04
8.5431552067135e-01
-2.3960799067296e-04
8.5383903052067e-01
-2.3688206174313e-04
8.5336799294431e-01
-2.3415541975538e-04
8.5290240934342e-01
-2.3142808961024e-04
8.5244228106992e-01
-2.2870009560688e-04
8.5198760942776e-01
-2.2597146145203e-04
8.5153839567402e-01
-2.2324221026773e-04
8.5109464102015e-01
-2.2051236459966e-04
8.5065634663307e-01
-2.1778194642486e-04
8.5022351363628e-01
-2.1505097715960e-04
8.4979614311104e-01
-2.1231947766773e-04
8.4937423609741e-01
-2.0958746826844e-04
8.4895779359534e-01
-2.0685496874395e-04
8.4854681656577e-01
-2.0412199834746e-04
8.4814130593163e-01
-2.0138857581112e-04
8.4774126257891e-01
-1.9865471935357e-04
8.4734668735769e-01
-1.9592044668792e-04
8.4695758108309e-01
-1.9318577502939e-04
8.4657394453630e-01
-1.9045072110299e-04
8.4619577846556e-01
-1.8771530115100e-04
8.4582308358708e-01
-1.8497953094102e-04
8.4545586058603e-01
-1.8224342577350e-04
8.4509411011740e-01
-1.7950700048866e-04
8.4473783280699e-01
-1.7677026947485e-04
8.4438702925225e-01
-1.7403324667603e-04
8.4404170002319e-01
-1.7129594559834e-04
8.4370184566323e-01
-1.6855837931870e-04
8.4336746669006e-01
-1.6582056049166e-04
8.4303856359648e-01
-1.6308250135652e-04
8.4271513685122e-01
-1.6034421374575e-04
8.4239718689975e-01
-1.5760570909074e-04
8.4208471416506e-01
-1.5486699843095e-04
8.4177771904847e-01
-1.5212809241916e-04
8.4147620193033e-01
-1.4938900133091e-04
8.4118016317087e-01
-1.4664973507006e-04
8.4088960311082e-01
-1.4391030317643e-04
8.4060452207223e-01
-1.4117071483366e-04
8.4032492035912e-01
-1.3843097887523e-04
8.4005079825817e-01
-1.3569110379258e-04
8.3978215603944e-01
-1.3295109774161e-04
8.3951899395699e-01
-1.3021096855029e-04
8.3926131224955e-01
-1.2747072372468e-04
8.3900911114115e-01
-1.2473037045735e-04
8.3876239084176e-01
-1.2198991563320e-04
8.3852115154787e-01
-1.1924936583721e-04
8.3828539344307e-01
-1.1650872736085e-04
8.3805511669870e-01
-1.1376800620955e-04
8.3783032147434e-01
-1.1102720810893e-04
8.3761100791839e-01
-1.0828633851234e-04
8.3739717616864e-01
-1.0554540260749e-04
8.3718882635272e-01
-1.0280440532309e-04
8.3698595858868e-01
-1.0006335133597e-04
8.3678857298548e-01
-9.7322245077525e-05
8.3659666964343e-01
-9.4581090741092e-05
8.3641024865468e-01
-9.1839892288087e-05
8.3622931010372e-01
-8.9098653454966e-05
8.3605385406774e-01
-8.6357377760415e-05
8.3588388061714e-01
-8.3616068511011e-05
8.3571938981589e-01
-8.0874728809160e-05
8.3556038172198e-01
-7.8133361558652e-05
8.3540685638777e-01
-7.5391969472177e-05
8.3525881386036e-01
-7.2650555077353e-05
8.3511625418201e-01
-6.9909120723743e-05
8.3497917739043e-01
-6.7167668589441e-05
8.3484758351914e-01
-6.4426200687390e-05
8.3472147259782e-01
-6.1684718872190e-05
8.3460084465256e-01
-5.8943224846564e-05
8.3448569970620e-01
-5.6201720167959e-05
8.3437603777861e-01
-5.3460206255129e-05
8.3427185888697e-01
-5.0718684394907e-05
8.3417316304598e-01
-4.7977155747919e-05
8.3407995026817e-01
-4.5235621356027e-05
8.3399222056407e-01
-4.2494082148292e-05
8.3390997394248e-01
-3.9752538947530e-05
8.3383321041066e-01
-3.7010992476882e-05
8.3376192997450e-01
-3.4269443366736e-05
8.3369613263872e-01
-3.1527892159794e-05
8.3363581840705e-01
-2.8786339319298e-05
8.3358098728235e-01
-2.6044785234269e-05
8.3353163926678e-01
-2.3303230226340e-05
8.3348777436193e-01
-2.0561674556191e-05
8.3344939256889e-01
-1.7820118430101e-05
8.3341649388842e-01
-1.5078562005971e-05
8.3338907832100e-01
-1.2337005400209e-05
8.3336714586689e-01
-9.5954486940830e-06
8.3335069652626e-01
-6.8538919395511e-06
8.3333973029915e-01
-4.1123351665617e-06
8.3333424718559e-01
-1.3707783890760e-06
