8.3342471855668e-01
1.3707783287015e-04
8.3397302959140e-01
4.1123301428841e-04
8.3506964738253e-01
6.8538353153841e-04
8.3671455050833e-01
9.5951554327814e-04
8.3890767456224e-01
1.2335990134195e-03
8.4164887311613e-01
1.5075810420350e-03
8.4493786516675e-01
1.7813790112959e-03
8.4877416865088e-01
2.0548735028330e-03
8.5315701953488e-01
2.3279009504669e-03
8.5808527592162e-01
2.6002460021443e-03
8.6355730657792e-01
2.8716335775756e-03
8.6957086327363e-01
3.1417206239165e-03
8.7612293634769e-01
3.4100875913904e-03
8.8320959298298e-01
3.6762296745223e-03
8.9082579779123e-01
3.9395478931769e-03
8.9896521549068e-01
4.1993401213226e-03
9.0761999571329e-01
4.4547922107802e-03
9.1678054031760e-01
4.7049694023490e-03
9.2643525401776e-01
4.9488082676113e-03
9.3657027968191e-01
5.1851094809832e-03
9.4716922031214e-01
5.4125317823162e-03
9.5821285050244e-01
5.6295875540455e-03
9.6967882108331e-01
5.8346405012296e-03
9.8154136170113e-01
6.0259059845888e-03
9.9377098723635e-01
6.2014546115608e-03
1.0063342152196e+00
6.3592197329862e-03
1.0191933027265e+00
6.4970327146687e-03
1.0323060125763e+00
6.6125499500081e-03
1.0456254199627e+00
6.7034078434134e-03
1.0590997718311e+00
6.7671669398952e-03
1.0726724122852e+00
6.8013691813240e-03
1.0862817879464e+00
6.8035814174151e-03
1.0998615473751e+00
6.7714459304873e-03
1.1133407482591e+00
6.7027376049588e-03
1.1266441849572e+00
6.5954269825392e-03
1.1396928470284e+00
6.4477480016186e-03
1.1524045165018e+00
6.2582687426211e-03
1.1646945078012e+00
6.0259630167625e-03
1.1764765494482e+00
5.7502801785107e-03
1.1876638010282e+00
5.4312101537517e-03
1.1981699925966e+00
5.0693404020504e-03
1.2079106670022e+00
4.6659014184789e-03
1.2168044988716e+00
4.2227974693255e-03
1.2247746576826e+00
3.7426195768116e-03
1.2317501769100e+00
3.2286383342585e-03
1.2376672871711e+00
2.6847749367929e-03
1.2424706690478e+00
2.1155498208515e-03
1.2461145811903e+00
1.5260094605875e-03
1.2485638216232e+00
9.2163309118907e-04
1.2497944849189e+00
3.0822232313822e-04
1.2497944849189e+00
-3.0822232313816e-04
1.2485638216232e+00
-9.2163309118907e-04
1.2461145811903e+00
-1.5260094605875e-03
1.2424706690478e+00
-2.1155498208514e-03
1.2376672871711e+00
-2.6847749367930e-03
1.2317501769100e+00
-3.2286383342584e-03
1.2247746576826e+00
-3.7426195768116e-03
1.2168044988716e+00
-4.2227974693257e-03
1.2079106670022e+00
-4.6659014184790e-03
1.1981699925966e+00
-5.0693404020505e-03
1.1876638010282e+00
-5.4312101537519e-03
1.1764765494482e+00
-5.7502801785107e-03
1.1646945078012e+00
-6.0259630167624e-03
1.1524045165018e+00
-6.2582687426210e-03
1.1396928470284e+00
-6.4477480016187e-03
1.1266441849572e+00
-6.5954269825394e-03
1.1133407482591e+00
-6.7027376049588e-03
1.0998615473751e+00
-6.7714459304874e-03
1.0862817879464e+00
-6.8035814174151e-03
1.0726724122852e+00
-6.8013691813239e-03
1.0590997718311e+00
-6.7671669398952e-03
1.0456254199627e+00
-6.7034078434135e-03
1.0323060125763e+00
-6.6125499500080e-03
1.0191933027265e+00
-6.4970327146687e-03
1.0063342152196e+00
-6.3592197329861e-03
9.9377098723635e-01
-6.2014546115607e-03
9.8154136170113e-01
-6.0259059845888e-03
9.6967882108331e-01
-5.8346405012296e-03
9.5821285050244e-01
-5.6295875540455e-03
9.4716922031214e-01
-5.4125317823162e-03
9.3657027968191e-01
-5.1851094809834e-03
9.2643525401776e-01
-4.9488082676112e-03
9.1678054031760e-01
-4.7049694023490e-03
9.0761999571329e-01
-4.4547922107801e-03
8.9896521549068e-01
-4.1993401213226e-03
8.9082579779123e-01
-3.9395478931768e-03
8.8320959298298e-01
-3.6762296745223e-03
8.7612293634769e-01
-3.4100875913906e-03
8.6957086327363e-01
-3.1417206239166e-03
8.6355730657792e-01
-2.8716335775756e-03
8.5808527592162e-01
-2.6002460021442e-03
8.5315701953488e-01
-2.3279009504669e-03
8.4877416865088e-01
-2.0548735028330e-03
8.4493786516675e-01
-1.7813790112959e-03
8.4164887311613e-01
-1.5075810420350e-03
8.3890767456224e-01
-1.2335990134195e-03
8.3671455050833e-01
-9.5951554327814e-04
8.3506964738253e-01
-6.8538353153841e-04
8.3397302959140e-01
-4.1123301428841e-04
8.3342471855668e-01
-1.3707783287015e-04
